timestamp,marker
110255168673, 
110255180217, 
110255180813, 
110255190890, 
110255191069, 
110255202066, 
110255202346, 
110255212449, 
110255213277, 
110255223433, 
110255223698, 
110255233784, 
110255233944, 
110255244167, 
110255244318, 
110255254394, 
110255254486, 
110255264760, 
110255264813, 
110255274976, 
110255275030, 
110255285123, 
110255285213, 
110255295285, 
110255295407, 
110255305470, 
110255305525, 
110255315593, 
110255315646, 
110255325707, 
110255325762, 
110255335833, 
110255335900, 
110255345966, 
110255346029, 
110255357252, 
110255357351, 
110255367419, 
110255367486, 
110255377670, 
110255377778, 
110255387846, 
110255387908, 
110255398000, 
110255398065, 
110255408134, 
110255408225, 
110255418293, 
110255418362, 
110255428437, 
110255428501, 
110255438573, 
110255438674, 
110255448744, 
110255449006, 
110255459075, 
110255459138, 
110255469204, 
110255469291, 
110255479362, 
110255479443, 
110255489511, 
110255489568, 
110255499639, 
110255499780, 
110255509849, 
110255509948, 
110255520015, 
110255520074, 
110255530161, 
110255530223, 
110255540293, 
110255540393, 
110255550460, 
110255550519, 
110255560609, 
110255560665, 
110255570837, 
110255570943, 
110255581040, 
110255581106, 
110255591207, 
110255591292, 
110255601362, 
110255601463, 
110255611531, 
110255611591, 
110255621683, 
110255621752, 
110255631820, 
110255631913, 
110255642051, 
110255642574, 
110255652643, 
110255652728, 
110255662780, 
110255662840, 
110255673057, 
110255673114, 
110255683184, 
110255683256, 
110255693328, 
110255693430, 
110255703557, 
110255703638, 
110255713715, 
110255713823, 
110255723904, 
110255724240, 
110255734311, 
110255734372, 
110255744460, 
110255744522, 
110255754591, 
110255754726, 
110255764795, 
110255764854, 
110255774923, 
110255774983, 
110255785200, 
110255785339, 
110255795407, 
110255795473, 
110255805550, 
110255805606, 
110255815675, 
110255815772, 
110255825839, 
110255825906, 
110255836156, 
110255836237, 
110255846308, 
110255846415, 
110255856486, 
110255856569, 
110255866837, 
110255866894, 
110255877013, 
110255877188, 
110255887272, 
110255887344, 
110255897414, 
110255897494, 
110255907565, 
110255907630, 
110255917707, 
110255917761, 
110255927828, 
110255927887, 
110255938013, 
110255938076, 
110255948149, 
110255948205, 
110255958332, 
110255958586, 
110255968628, 
110255968732, 
110255978862, 
110255979022, 
110255989109, 
110255989239, 
110256000006, 
110256000327, 
110256010712, 
110256010824, 
110256022250, 
110256022459, 
110256032569, 
110256032704, 
110256045671, 
110256045862, 
110256055946, 
110256056122, 
110256066270, 
110256066493, 
110256076569, 
110256076713, 
110256086796, 
110256086943, 
110256097024, 
110256097226, 
110256107518, 
110256107649, 
110256117752, 
110256117842, 
110256127962, 
110256128063, 
110256138196, 
110256138479, 
110256148401, 
110256148658, 
110256158620, 
110256158734, 
110256168834, 
110256168933, 
110256179361, 
110256179667, 
110256189750, 
110256189898, 
110256200032, 
110256200220, 
110256210307, 
110256210418, 
110256220530, 
110256220625, 
110256230742, 
110256230853, 
110256240955, 
110256241069, 
110256251398, 
110256251640, 
110256262080, 
110256262221, 
110256272418, 
110256272713, 
110256283047, 
110256283234, 
110256293564, 
110256294784, 
110256304894, 
110256304990, 
110256315330, 
110256315469, 
110256325929, 
110256326022, 
110256336188, 
110256336382, 
110256346466, 
110256346599, 
110256356861, 
110256357256, 
110256367341,90.0
110256367897, 
110256377973, 
110256378130, 
110256388540, 
110256388758, 
110256398893, 
110256399120, 
110256409203, 
110256409354, 
110256419515, 
110256419804, 
110256430078, 
110256430336, 
110256440426, 
110256440691, 
110256451209, 
110256451828, 
110256461997, 
110256462660, 
110256472932, 
110256473735, 
110256483800, 
110256483865, 
110256493958, 
110256494051, 
110256504120, 
110256504176, 
110256514241, 
110256514293, 
110256524360, 
110256524415, 
110256534482, 
110256534638, 
110256544708, 
110256544776, 
110256554843, 
110256554901, 
110256565036, 
110256565114, 
110256575181, 
110256575237, 
110256585323, 
110256585392, 
110256595461, 
110256595526, 
110256605595, 
110256605653, 
110256615719, 
110256615784, 
110256625852, 
110256625908, 
110256636071, 
110256636363, 
110256646433, 
110256646491, 
110256656559, 
110256656621, 
110256666692, 
110256666764, 
110256676830, 
110256676889, 
110256686959, 
110256687021, 
110256697089, 
110256697154, 
110256707222, 
110256707280, 
110256717421, 
110256717477, 
110256727544, 
110256727598, 
110256737667, 
110256737720, 
110256747787, 
110256747844, 
110256758183, 
110256758371, 
110256768441, 
110256768496, 
110256778562, 
110256778619, 
110256788688, 
110256788755, 
110256798822, 
110256798880, 
110256808951, 
110256809017, 
110256819086, 
110256819140, 
110256829217, 
110256829409, 
110256839496, 
110256839554, 
110256849622, 
110256849677, 
110256859745, 
110256859801, 
110256869869, 
110256869942, 
110256880015, 
110256880081, 
110256890235, 
110256890293, 
110256900360, 
110256900418, 
110256910486, 
110256910543, 
110256920616, 
110256920725, 
110256930788, 
110256930845, 
110256940910, 
110256940967, 
110256951066, 
110256951265, 
110256961336, 
110256961405, 
110256971473, 
110256971539, 
110256981608, 
110256981677, 
110256991747, 
110256991806, 
110257001875, 
110257001939, 
110257012008, 
110257012074, 
110257022308, 
110257022385, 
110257032454, 
110257032590, 
110257042657, 
110257042721, 
110257052788, 
110257052844, 
110257062912, 
110257062992, 
110257073059, 
110257073116, 
110257083182, 
110257083242, 
110257093306, 
110257093362, 
110257103429, 
110257103489, 
110257113553, 
110257113777, 
110257123842, 
110257123900, 
110257133966, 
110257134021, 
110257144178, 
110257144589, 
110257154658, 
110257154711, 
110257164969, 
110257165082, 
110257175160, 
110257175267, 
110257185346, 
110257185448, 
110257195528, 
110257195637, 
110257205715, 
110257206029, 
110257215912, 
110257216187, 
110257226124, 
110257226342, 
110257236303, 
110257236488, 
110257246481, 
110257246588, 
110257256663, 
110257256769, 
110257267091, 
110257267181, 
110257277409, 
110257277543, 
110257288317, 
110257288569, 
110257298651, 
110257298772, 
110257308900, 
110257309076, 
110257319155, 
110257319300, 
110257329376, 
110257329511, 
110257339652, 
110257339799, 
110257350040, 
110257350177, 
110257360254, 
110257360451, 
110257370563, 
110257370671, 
110257381263, 
110257381415, 
110257391496, 
110257391659, 
110257401754, 
110257402757, 
110257412040, 
110257412978, 
110257422255, 
110257423196, 
110257432478, 
110257433484, 
110257442683, 
110257443638, 
110257452904, 
110257453837, 
110257463107, 
110257464030, 
110257473393, 
110257474228, 
110257483648, 
110257484440, 
110257493965, 
110257494662, 
110257504182, 
110257504923, 
110257514397, 
110257515120, 
110257524731, 
110257525331, 
110257534970, 
110257535521, 
110257545931, 
110257546054, 
110257556155, 
110257556256, 
110257566403, 
110257566540, 
110257576629, 
110257576750, 
110257586830, 
110257586939, 
110257597037, 
110257597159, 
110257607235, 
110257607344, 
110257617429, 
110257617540, 
110257627619, 
110257627743, 
110257637900, 
110257638036, 
110257648122, 
110257648238, 
110257658318, 
110257658416, 
110257668596, 
110257668711, 
110257678794, 
110257678912, 
110257688992, 
110257689099, 
110257699187, 
110257699310, 
110257709449, 
110257709583, 
110257719665, 
110257719784, 
110257729862, 
110257729977, 
110257740054, 
110257740168, 
110257750249, 
110257750362, 
110257760561, 
110257760959, 
110257771040, 
110257771158, 
110257781307, 
110257781449, 
110257791561, 
110257791673, 
110257801813, 
110257801950, 
110257812044, 
110257812598, 
110257822251, 
110257822763, 
110257832460, 
110257832918, 
110257842640, 
110257843075, 
110257852901, 
110257853417, 
110257863136, 
110257863574, 
110257873416, 
110257873768, 
110257883665, 
110257883918, 
110257893845, 
110257894015, 
110257904088, 
110257904188, 
110257914265, 
110257914357, 
110257924439, 
110257924532, 
110257934603, 
110257934684, 
110257944776, 
110257944907, 
110257954987, 
110257955084, 
110257965168, 
110257965290, 
110257975369, 
110257975468, 
110257985544, 
110257985648, 
110257995825, 
110257995929, 
110258006015, 
110258006137, 
110258016515, 
110258016623, 
110258026707, 
110258026822, 
110258036901, 
110258037004, 
110258047084, 
110258047192, 
110258057279, 
110258057392, 
110258067520, 
110258067757, 
110258077838, 
110258077938, 
110258088028, 
110258088151, 
110258098232, 
110258098346, 
110258108424, 
110258108518, 
110258118597, 
110258118700, 
110258128775, 
110258128865, 
110258139072, 
110258139242, 
110258149324, 
110258149434, 
110258159565, 
110258159707, 
110258169788, 
110258169895, 
110258179969, 
110258180059, 
110258190151, 
110258190261, 
110258200336, 
110258200430, 
110258210525, 
110258210652, 
110258220737, 
110258220832, 
110258230944, 
110258231063, 
110258241137, 
110258241510, 
110258251589, 
110258251694, 
110258261771, 
110258261945, 
110258272084, 
110258272189, 
110258282318, 
110258282402, 
110258292478, 
110258292584, 
110258302755, 
110258302861, 
110258312993, 
110258313085, 
110258323162, 
110258323255, 
110258333347, 
110258333511, 
110258343591, 
110258343682, 
110258353791, 
110258353960, 
110258364095, 
110258364207, 
110258374524, 
110258374633, 
110258384715, 
110258384819, 
110258394903, 
110258395007, 
110258405094, 
110258405199, 
110258415287, 
110258415418, 
110258425660, 
110258425781, 
110258435859, 
110258435980, 
110258446127, 
110258446260, 
110258456335, 
110258456435, 
110258466638, 
110258466758, 
110258476833, 
110258476921, 
110258486996, 
110258487085, 
110258497245, 
110258497357, 
110258507439, 
110258507532, 
110258517651, 
110258517759, 
110258527837, 
110258527944, 
110258538020, 
110258538134, 
110258548211, 
110258548308, 
110258558382, 
110258558474, 
110258568569, 
110258568680, 
110258578760, 
110258578860, 
110258588996, 
110258589118, 
110258599202, 
110258599298, 
110258609380, 
110258609742, 
110258619825, 
110258619929, 
110258630015, 
110258630111, 
110258640309, 
110258640405, 
110258650489, 
110258650595, 
110258660716, 
110258660825, 
110258670907, 
110258671030, 
110258681120, 
110258681251, 
110258691329, 
110258691430, 
110258701516, 
110258701619, 
110258711706, 
110258711814, 
110258721894, 
110258722001, 
110258733572, 
110258733678, 
110258743759, 
110258743861, 
110258754390, 
110258754525, 
110258764606, 
110258764702, 
110258774875, 
110258775010, 
110258785089, 
110258785185, 
110258795257, 
110258795392, 
110258805462, 
110258805543, 
110258815616, 
110258815711, 
110258825967, 
110258826059, 
110258836140, 
110258836242, 
110258846382, 
110258846502, 
110258856580, 
110258856685, 
110258866765, 
110258866897, 
110258876977, 
110258877081, 
110258887165, 
110258887269, 
110258897348, 
110258897449, 
110258907524, 
110258907620, 
110258917739, 
110258917868, 
110258927946, 
110258928053, 
110258938134, 
110258938244, 
110258948324, 
110258948430, 
110258958562, 
110258958654, 
110258968736, 
110258968839, 
110258979015, 
110258979112, 
110258989269, 
110258989554, 
110258999637, 
110258999752, 
110259009840, 
110259009946, 
110259020028, 
110259020143, 
110259030230, 
110259030349, 
110259040540, 
110259040644, 
110259050722, 
110259051132, 
110259061249, 
110259061362, 
110259071452, 
110259071577, 
110259081684, 
110259081802, 
110259091935, 
110259092060, 
110259102149, 
110259102276, 
110259112533, 
110259112657, 
110259122739, 
110259122848, 
110259132950, 
110259133051, 
110259143140, 
110259143260, 
110259153526, 
110259153657, 
110259163749, 
110259163875, 
110259173958, 
110259174075, 
110259184164, 
110259184281, 
110259194369, 
110259194504, 
110259204865, 
110259204968, 
110259215045, 
110259215142, 
110259225287, 
110259225451, 
110259235533, 
110259235642, 
110259245720, 
110259245964, 
110259256043, 
110259256147, 
110259266271, 
110259266375, 
110259276513, 
110259276617, 
110259286695, 
110259286795, 
110259296934, 
110259297073, 
110259307303, 
110259307430, 
110259317822, 
110259318119, 
110259328207, 
110259328375, 
110259338455, 
110259338607, 
110259348691, 
110259348840, 
110259358919, 
110259359080, 
110259369279, 
110259369741, 
110259379830, 
110259379964, 
110259390072, 
110259390283, 
110259400368, 
110259400728, 
110259410829, 
110259410980, 
110259421335, 
110259421446, 
110259431529, 
110259431638, 
110259441720, 
110259441830, 
110259451918, 
110259452046, 
110259462310, 
110259462434, 
110259472520, 
110259472616, 
110259482743, 
110259482859, 
110259492943, 
110259493040, 
110259503116, 
110259503214, 
110259513291, 
110259513395, 
110259523472, 
110259523576, 
110259533659, 
110259533757, 
110259543840, 
110259543954, 
110259554246, 
110259554376, 
110259564460, 
110259564588, 
110259574674, 
110259574777, 
110259584860, 
110259584996, 
110259595077, 
110259595190, 
110259605270, 
110259605871, 
110259615953, 
110259616078, 
110259626223, 
110259626344, 
110259636455, 
110259636571, 
110259646726, 
110259646860, 
110259656941, 
110259657047, 
110259667233, 
110259667345, 
110259677425, 
110259677519, 
110259687630, 
110259687764, 
110259697927, 
110259698170, 
110259708247, 
110259708557, 
110259718676, 
110259718794, 
110259728881, 
110259728988, 
110259739062, 
110259739150, 
110259749226, 
110259749326, 
110259759404, 
110259759517, 
110259769600, 
110259769705, 
110259779788, 
110259779902, 
110259790041, 
110259790288, 
110259800457, 
110259800556, 
110259810636, 
110259810740, 
110259820824, 
110259820956, 
110259831014, 
110259831132, 
110259841209, 
110259841315, 
110259851407, 
110259851503, 
110259861598, 
110259861757, 
110259871837, 
110259871949, 
110259882025, 
110259882125, 
110259892203, 
110259892303, 
110259902381, 
110259902504, 
110259912705, 
110259912892, 
110259922976, 
110259923099, 
110259933188, 
110259933325, 
110259943412, 
110259943510, 
110259953589, 
110259953689, 
110259963770, 
110259963889, 
110259974009, 
110259974119, 
110259984276, 
110259984409, 
110259994491, 
110259994610, 
110300005047, 
110300005342, 
110300015619, 
110300015747, 
110300025930, 
110300026062, 
110300036152, 
110300036284, 
110300046360, 
110300046468, 
110300056552, 
110300056682, 
110300066765, 
110300066894, 
110300076985, 
110300077182, 
110300087268, 
110300087384, 
110300097592, 
110300097698, 
110300107780, 
110300107892, 
110300117975, 
110300118103, 
110300128186, 
110300128304, 
110300138384, 
110300138526, 
110300148713, 
110300148808, 
110300158891, 
110300159002, 
110300169179, 
110300169327, 
110300179414, 
110300179528, 
110300189609, 
110300189717, 
110300199800, 
110300199927, 
110300210019, 
110300210144, 
110300220228, 
110300220347, 
110300230428, 
110300230541, 
110300240832, 
110300240980, 
110300251070, 
110300251196, 
110300261289, 
110300261464, 
110300271551, 
110300271890, 
110300281729, 
110300282035, 
110300291930, 
110300292188, 
110300302111, 
110300302336, 
110300312320, 
110300312447, 
110300322526, 
110300322634, 
110300332716, 
110300332822, 
110300342909, 
110300343003, 
110300353157, 
110300353333, 
110300363744, 
110300363841, 
110300373974, 
110300374083, 
110300384171, 
110300384293, 
110300394376, 
110300394483, 
110300404559, 
110300404718, 
110300414797, 
110300414893, 
110300424975, 
110300425095, 
110300435177, 
110300435280, 
110300445370, 
110300445473, 
110300455655, 
110300455789, 
110300465872, 
110300465973, 
110300476063, 
110300476245, 
110300486325, 
110300486626, 
110300496736, 
110300496913, 
110300506992, 
110300507135, 
110300517210, 
110300517355, 
110300527521, 
110300527665, 
110300537741, 
110300537837, 
110300547998, 
110300548169, 
110300558250, 
110300558387, 
110300568469, 
110300568628, 
110300578709, 
110300578865, 
110300588945, 
110300589105, 
110300599254, 
110300599471, 
110300609552, 
110300609701, 
110300619795, 
110300619977, 
110300630176, 
110300630354, 
110300640436, 
110300640913, 
110300650953, 
110300651079, 
110300661258, 
110300661428, 
110300671624, 
110300671804, 
110300681883, 
110300682181, 
110300692255, 
110300692420, 
110300702634, 
110300702765, 
110300712888, 
110300713064, 
110300723149, 
110300723309, 
110300733389, 
110300733778, 
110300743963, 
110300744145, 
110300754224, 
110300754556, 
110300764637, 
110300764802, 
110300775062, 
110300775278, 
110300785400, 
110300785603, 
110300795691, 
110300795852, 
110300806022, 
110300806154, 
110300816244, 
110300816363, 
110300826754, 
110300826934, 
110300837083, 
110300837197, 
110300847369, 
110300847535, 
110300857622, 
110300857800, 
110300867933, 
110300868062, 
110300878341, 
110300878541, 
110300888581, 
110300888702, 
110300899217, 
110300899327, 
110300909423, 
110300909537, 
110300919741, 
110300919922, 
110300930041, 
110300930143, 
110300940257, 
110300940363, 
110300950480,-1
110300950881, 
110300960935, 
110300961059, 
110300971198, 
110300971363, 
110300981840, 
110300981993, 
110300992412, 
110300992607, 
110301002843, 
110301003119, 
110301013516, 
110301013928, 
110301024030, 
110301024215, 
110301034337, 
110301035221, 
110301045391, 
110301045671, 
110301056680, 
110301058061, 
110301068149, 
110301068568, 
110301078376, 
110301078821, 
110301088924, 
110301088994, 
110301099063, 
110301099132, 
110301109199, 
110301109270, 
110301119336, 
110301119390, 
110301129458, 
110301129526, 
110301139715, 
110301139772, 
110301149846, 
110301150482, 
110301160551, 
110301160611, 
110301170677, 
110301170744, 
110301180811, 
110301180878, 
110301190944, 
110301191007, 
110301201077, 
110301201146, 
110301211212, 
110301211271, 
110301221353, 
110301221427, 
110301231564, 
110301231624, 
110301241688, 
110301241742, 
110301251807, 
110301251859, 
110301261923, 
110301261977, 
110301272117, 
110301272232, 
110301282295, 
110301282345, 
110301292411, 
110301292475, 
110301302618, 
110301302682, 
110301312770, 
110301312869, 
110301322935, 
110301322997, 
110301333063, 
110301333112, 
110301343392, 
110301343535, 
110301353602, 
110301353651, 
110301363718, 
110301363772, 
110301373839, 
110301373998, 
110301384063, 
110301384113, 
110301394181, 
110301394241, 
110301404307, 
110301404434, 
110301414527, 
110301414598, 
110301424667, 
110301424721, 
110301434786, 
110301434836, 
110301444904, 
110301444959, 
110301455044, 
110301455093, 
110301465283, 
110301465360, 
110301475428, 
110301475482, 
110301485548, 
110301485597, 
110301495661, 
110301495723, 
110301505788, 
110301505848, 
110301515916, 
110301515979, 
110301526044, 
110301526101, 
110301536239, 
110301536314, 
110301546381, 
110301546430, 
110301556494, 
110301556548, 
110301566614, 
110301566664, 
110301576734, 
110301576786, 
110301586855, 
110301586918, 
110301596985, 
110301597039, 
110301607104, 
110301607158, 
110301667936, 
110301668049, 
110301678115, 
110301678176, 
110301688316, 
110301688374, 
110301698500, 
110301698575, 
110301708641, 
110301708711, 
110301718777, 
110301718841, 
110301728913, 
110301728977, 
110301739091, 
110301739276, 
110301749346, 
110301749413, 
110301759515, 
110301759630, 
110301769702, 
110301769776, 
110301779920, 
110301780057, 
110301790379, 
110301790588, 
110301800775, 
110301800903, 
110301811273, 
110301811427, 
110301821516, 
110301821642, 
110301831797, 
110301831953, 
110301842048, 
110301842185, 
110301852342, 
110301852480, 
110301862568, 
110301862697, 
110301872774, 
110301872872, 
110301882970, 
110301883081, 
110301893159, 
110301893277, 
110301903370, 
110301903504, 
110301913586, 
110301913703, 
110301924122, 
110301924448, 
110301934529, 
110301934628, 
110301944736, 
110301944842, 
110301954925, 
110301955039, 
110301965122, 
110301965218, 
110301975419, 
110301975537, 
110301985625, 
110301985753, 
110301996116, 
110301996232, 
110302006317, 
110302006446, 
110302016582, 
110302016707, 
110302026789, 
110302026921, 
110302037002, 
110302037130, 
110302047213, 
110302047343, 
110302057437, 
110302057559, 
110302067706, 
110302067835, 
110302077920, 
110302078021, 
110302088116, 
110302088240, 
110302098338, 
110302098443, 
110302108525, 
110302108641, 
110302118726, 
110302118850, 
110302128940, 
110302129078, 
110302139739, 
110302139865, 
110302149947, 
110302150057, 
110302160347, 
110302160563, 
110302170654, 
110302170754, 
110302180833, 
110302180934, 
110302191013, 
110302191123, 
110302201197, 
110302201277, 
110302211352, 
110302211441, 
110302221515, 
110302221604, 
110302231685, 
110302231842, 
110302241917, 
110302242011, 
110302252086, 
110302252169, 
110302262429, 
110302262513, 
110302272606, 
110302272711, 
110302283047, 
110302283138, 
110302293214, 
110302293318, 
110302303643, 
110302303790, 
110302313934, 
110302314024, 
110302324104, 
110302324242, 
110302334338, 
110302334444, 
110302344642, 
110302344739, 
110302354843, 
110302354942, 
110302365018, 
110302365101, 
110302375436, 
110302375580, 
110302385666, 
110302385787, 
110302395880, 
110302396018, 
110302406103, 
110302406214, 
110302416293, 
110302416396, 
110302426500, 
110302426606, 
110302436684, 
110302436800, 
110302446887, 
110302447029, 
110302457112, 
110302457229, 
110302467400, 
110302467517, 
110302477601, 
110302477707, 
110302487791, 
110302487922, 
110302498008, 
110302498106, 
110302508183, 
110302508293, 
110302518380, 
110302518519, 
110302528601, 
110302528700, 
110302539250, 
110302539390, 
110302549471, 
110302549578, 
110302559659, 
110302559785, 
110302569868, 
110302569988, 
110302580069, 
110302580165, 
110302590241, 
110302590335, 
110302600438, 
110302600537, 
110302610664, 
110302610794, 
110302620864, 
110302620967, 
110302631046, 
110302631148, 
110302641248, 
110302641349, 
110302651424, 
110302651520, 
110302661698, 
110302661802, 
110302671891, 
110302671991, 
110302682136, 
110302682270, 
110302692354, 
110302692460, 
110302702548, 
110302702657, 
110302712755, 
110302712861, 
110302722947, 
110302723058, 
110302733206, 
110302733313, 
110302743403, 
110302743883, 
110302753674, 
110302754434, 
110302763915, 
110302764915, 
110302774140, 
110302775229, 
110302784462, 
110302785539, 
110302794978, 
110302795745, 
110302805164, 
110302805926, 
110302815382, 
110302816186, 
110302825630, 
110302826468, 
110302835834, 
110302836815, 
110302846243, 
110302847072, 
110302856515, 
110302857256, 
110302866744, 
110302867417, 
110302877297, 
110302878190, 
110302887626, 
110302888404, 
110302897921, 
110302898609, 
110302908139, 
110302909065, 
110302918496, 
110302919376, 
110302928784, 
110302929583, 
110302939312, 
110302940449, 
110302949621, 
110302950832, 
110302959838, 
110302961065, 
110302970156, 
110302971284, 
110302980405, 
110302981477, 
110302990693, 
110302991630, 
110303000898, 
110303001828, 
110303011113, 
110303012633, 
110303021329, 
110303022857, 
110303031547, 
110303033067, 
110303041961, 
110303043309, 
110303052181, 
110303053857, 
110303062420, 
110303064060, 
110303072619, 
110303074243, 
110303083058, 
110303084471, 
110303093268, 
110303094683, 
110303103524, 
110303105008, 
110303113756, 
110303115196, 
110303124018, 
110303125643, 
110303134221, 
110303136469, 
110303144434, 
110303146687, 
110303154810, 
110303156945, 
110303165425, 
110303167122, 
110303175722, 
110303177312, 
110303185991, 
110303187512, 
110303196200, 
110303199061, 
110303206425, 
110303209364, 
110303216639, 
110303219634, 
110303227013, 
110303229919, 
110303237326, 
110303240786, 
110303247751, 
110303250994, 
110303258090, 
110303261236, 
110303268349, 
110303271481, 
110303278578, 
110303281682, 
110303288769, 
110303291848, 
110303298959, 
110303302035, 
110303309149, 
110303312237, 
110303319354, 
110303322451, 
110303329584, 
110303332744, 
110303340387, 
110303342961, 
110303350603, 
110303353129, 
110303360798, 
110303363290, 
110303371231, 
110303373472, 
110303381419, 
110303384064, 
110303391592, 
110303394254, 
110303401755, 
110303404452, 
110303412088, 
110303414648, 
110303422347, 
110303424802, 
110303432691, 
110303434956, 
110303442885, 
110303445125, 
110303453061, 
110303455377, 
110303463242, 
110303465575, 
110303473415, 
110303477282, 
110303483633, 
110303487475, 
110303494114, 
110303497686, 
110303504323, 
110303508255, 
110303514536, 
110303518538, 
110303524741, 
110303528915, 
110303535044, 
110303539094, 
110303545446, 
110303549565, 
110303555916, 
110303559822, 
110303566190, 
110303570134, 
110303576514, 
110303580563, 
110303586963, 
110303590809, 
110303597237, 
110303601075, 
110303607515, 
110303611289, 
110303617737, 
110303621505, 
110303627944, 
110303631719, 
110303638172, 
110303641916, 
110303648389, 
110303652075, 
110303658551, 
110303662391, 
110303668902, 
110303672632, 
110303679376, 
110303683147, 
110303689678, 
110303693563, 
110303699982, 
110303703766, 
110303710229, 
110303713985, 
110303720523, 
110303724300, 
110303730833, 
110303736397, 
110303741440, 
110303746598, 
110303751671, 
110303756788, 
110303762135, 
110303766985, 
110303772347, 
110303777213, 
110303782535, 
110303787389, 
110303792703, 
110303797798, 
110303803115, 
110303808025, 
110303813298, 
110303818223, 
110303823494, 
110303828406, 
110303833887, 
110303838647, 
110303844105, 
110303848942, 
110303854299, 
110303859154, 
110303864475, 
110303869462, 
110303874658, 
110303879640, 
110303884830, 
110303889817, 
110303895003, 
110303900089, 
110303905324, 
110303910267, 
110303915519, 
110303920887, 
110303925689, 
110303931135, 
110303935875, 
110303941373, 
110303946106, 
110303951576, 
110303956410, 
110303961753, 
110303966575, 
110303971938, 
110303976790, 
110303982103, 
110303986978, 
110303992270, 
110303997153, 
110304002440, 
110304007397, 
110304012634, 
110304017597, 
110304022853, 
110304027848, 
110304033029, 
110304038033, 
110304043189, 
110304048242, 
110304053390, 
110304058522, 
110304063693, 
110304068753, 
110304073857, 
110304078917, 
110304084154, 
110304089094, 
110304094348, 
110304099257, 
110304104525, 
110304109428, 
110304114700, 
110304119715, 
110304124880, 
110304129910, 
110304135051, 
110304140072, 
110304145226, 
110304150385, 
110304155558, 
110304160565, 
110304165755, 
110304170744, 
110304176089, 
110304180962, 
110304186245, 
110304191228, 
110304196420, 
110304201422, 
110304206731, 
110304211606, 
110304216925, 
110304221782, 
110304227108, 
110304231951, 
110304237308, 
110304242310, 
110304247489, 
110304252483, 
110304257686, 
110304262757, 
110304267863, 
110304272949, 
110304278032, 
110304283109, 
110304288198, 
110304293272, 
110304298456, 
110304303444, 
110304308651, 
110304313703, 
110304318828, 
110304323998, 
110304328985, 
110304334186, 
110304339164, 
110304344612, 
110304349545, 
110304354789, 
110304359877, 
110304364965, 
110304370173, 
110304375159, 
110304380380, 
110304385523, 
110304390682, 
110304395709, 
110304400849, 
110304405948, 
110304411094, 
110304416190, 
110304421381, 
110304426363, 
110304431774, 
110304436542, 
110304442037, 
110304446745, 
110304452584, 
110304456998, 
110304462842, 
110304467228, 
110304473084, 
110304477692, 
110304483399, 
110304488417, 
110304493726, 
110304499102, 
110304503970, 
110304509501, 
110304514174, 
110304519943, 
110304524367, 
110304530536, 
110304534639, 
110304540721, 
110304545005, 
110304550935, 
110304555218, 
110304561148, 
110304565554, 
110304571430, 
110304575792, 
110304581670, 
110304586008, 
110304592189, 
110304596285, 
110304602422, 
110304606515, 
110304612652, 
110304616922, 
110304622866, 
110304627241, 
110304633065, 
110304637559, 
110304643479, 
110304647783, 
110304653702, 
110304657991, 
110304663998, 
110304668217, 
110304674255, 
110304678546, 
110304685853, 
110304689133, 
110304696325, 
110304699402, 
110304706764, 
110304709814, 
110304717049, 
110304720593, 
110304727478, 
110304730927, 
110304737824, 
110304741501, 
110304748238, 
110304751798, 
110304758860, 
110304762013, 
110304769151, 
110304772224, 
110304779371, 
110304782425, 
110304789579, 
110304792877, 
110304799791, 
110304803064, 
110304810003, 
110304813332, 
110304820441, 
110304823735, 
110304830646, 
110304833972, 
110304840994, 
110304844200, 
110304851402, 
110304854425, 
110304861839, 
110304864631, 
110304872131, 
110304874834, 
110304882347, 
110304885200, 
110304892594, 
110304895444, 
110304902884, 
110304906221, 
110304913291, 
110304916419, 
110304923640, 
110304926596, 
110304933817, 
110304936775, 
110304943996, 
110304946954, 
110304954176, 
110304957322, 
110304964388, 
110304967998, 
110304974571, 
110304978276, 
110304984843, 
110304988477, 
110304995589, 
110304998768, 
110305005796, 
110305009104, 
110305016010, 
110305019282, 
110305026204, 
110305029443, 
110305036436, 
110305039621, 
110305046637, 
110305049952, 
110305057137, 
110305060140, 
110305067621, 
110305070371, 
110305077926, 
110305080569, 
110305088327, 
110305090772, 
110305098662, 
110305100992, 
110305108959, 
110305111215, 
110305119572, 
110305121748, 
110305129797, 
110305132040, 
110305140063, 
110305142306, 
110305150319, 
110305152606, 
110305160773, 
110305162841, 
110305171181, 
110305173128, 
110305181493, 
110305183331, 
110305191978, 
110305193548, 
110305202260, 
110305203961, 
110305212533, 
110305214423, 
110305222771, 
110305224615, 
110305233031, 
110305235051, 
110305243248, 
110305245262, 
110305253533, 
110305255476, 
110305263963, 
110305265680, 
110305274466, 
110305275908, 
110305284975, 
110305286319, 
110305295341, 
110305296537, 
110305305589, 
110305307002, 
110305315886, 
110305317273, 
110305326177, 
110305327505, 
110305336394, 
110305338014, 
110305346604, 
110305348225, 
110305356839, 
110305358394, 
110305367134, 
110305368807, 
110305377371, 
110305379215, 
110305387585, 
110305389433, 
110305397810, 
110305399770, 
110305408180, 
110305409959, 
110305418394, 
110305420147, 
110305428815, 
110305430305, 
110305439079, 
110305440500, 
110305449460, 
110305450706, 
110305459748, 
110305460921, 
110305470066, 
110305471448, 
110305480309, 
110305481680, 
110305490865, 
110305491884, 
110305501091, 
110305502122, 
110305511311, 
110305512321, 
110305521576, 
110305522808, 
110305532407, 
110305533106, 
110305542923, 
110305543318, 
110305553193, 
110305553541, 
110305563416, 
110305563747, 
110305573709, 
110305574077, 
110305583944, 
110305584247, 
110305594196, 
110305594353, 
110305604483, 
110305604586, 
110305614794, 
110305614965, 
110305625048, 
110305625214, 
110305635391, 
110305635557, 
110305645646, 
110305645879, 
110305656040, 
110305656183, 
110305666268, 
110305666427, 
110305676502, 
110305676640, 
110305686758, 
110305686924, 
110305697041, 
110305697128, 
110305707270, 
110305707381, 
110305717506, 
110305717796, 
110305727894, 
110305727985, 
110305738062, 
110305738196, 
110305748270, 
110305748399, 
110305758698, 
110305758838, 
110305768916, 
110305769053, 
110305779252, 
110305779479, 
110305789599, 
110305789704, 
110305799828, 
110305799943, 
110305810048, 
110305810145, 
110305820265, 
110305820360, 
110305830474, 
110305830574, 
110305840686, 
110305840778, 
110305850949, 
110305851115, 
110305861189, 
110305861280, 
110305871476, 
110305871620, 
110305881698, 
110305881837, 
110305891915, 
110305892051, 
110305902133, 
110305902278, 
110305912354, 
110305912477, 
110305922775, 
110305923071, 
110305933152, 
110305933302, 
110305943467, 
110305943589, 
110305953695, 
110305953787, 
110305963897, 
110305964006, 
110305974332, 
110305974427, 
110305984536, 
110305984629, 
110305994709, 
110305994848, 
110306005006, 
110306005107, 
110306015285, 
110306015464, 
110306025542, 
110306025675, 
110306035759, 
110306036059, 
110306046142, 
110306046293, 
110306056369, 
110306056501, 
110306066580, 
110306066722, 
110306076804, 
110306076968, 
110306087113, 
110306087226, 
110306097336, 
110306097433, 
110306107566, 
110306107701, 
110306117787, 
110306117911, 
110306127989, 
110306128093, 
110306138203, 
110306138416, 
110306148498, 
110306148827, 
110306158763, 
110306158920, 
110306169177, 
110306169318, 
110306179525, 
110306179710, 
110306189794, 
110306189947, 
110306200024, 
110306200452, 
110306210538, 
110306210646, 
110306220753, 
110306220852, 
110306230965, 
110306231077, 
110306241190, 
110306241314, 
110306251514, 
110306251708, 
110306261823, 
110306261939, 
110306272065, 
110306272238, 
110306282285, 
110306282406, 
110306292493, 
110306292621, 
110306302703, 
110306302815, 
110306312911, 
110306313039, 
110306323424, 
110306323601, 
110306333827, 
110306334052, 
110306344209, 
110306344413, 
110306354496, 
110306354682, 
110306365105, 
110306365250, 
110306375344, 
110306375461, 
110306385547, 
110306385678, 
110306395764, 
110306395872, 
110306405953, 
110306406074, 
110306416468, 
110306416575, 
110306426975, 
110306427082, 
110306437243, 
110306437394, 
110306447485, 
110306447598, 
110306457687, 
110306457807, 
110306467889, 
110306468006, 
110306478089, 
110306478210, 
110306488515, 
110306488604, 
110306498681, 
110306498773, 
110306509429, 
110306509525, 
110306519604, 
110306519695, 
110306529902, 
110306530018, 
110306540095, 
110306540202, 
110306550275, 
110306550379, 
110306560457, 
110306560929, 
110306570637, 
110306571076, 
110306581018, 
110306581319, 
110306591177, 
110306591510, 
110306601576, 
110306601801, 
110306611876, 
110306611959, 
110306622032, 
110306622111, 
110306632185, 
110306632275, 
110306642349, 
110306642420, 
110306652493, 
110306652571, 
110306662649, 
110306662727, 
110306672803, 
110306672913, 
110306682984, 
110306683061, 
110306693134, 
110306693219, 
110306703296, 
110306703388, 
110306713457, 
110306713529, 
110306723695, 
110306723778, 
110306733850, 
110306733924, 
110306744038, 
110306744205, 
110306754280, 
110306754366, 
110306764441, 
110306764533, 
110306774838, 
110306774942, 
110306785018, 
110306785116, 
110306795258, 
110306795386, 
110306805466, 
110306805654, 
110306815841, 
110306816043, 
110306826151, 
110306826256, 
110306836397, 
110306836529, 
110306846610, 
110306846723, 
110306856823, 
110306857015, 
110306867478, 
110306867577, 
110306877649, 
110306877740, 
110306887820, 
110306887926, 
110306898002, 
110306898095, 
110306908159, 
110306908328, 
110306918487, 
110306918560, 
110306928632, 
110306928711, 
110306938782, 
110306938872, 
110306948942, 
110306949021, 
110306959126, 
110306959238, 
110306969313, 
110306969388, 
110306979468, 
110306979573, 
110306989648, 
110306989801, 
110306999881, 
110306999977, 
110307010180, 
110307010271, 
110307020347, 
110307020441, 
110307030666, 
110307030781, 
110307040858, 
110307040969, 
110307051042, 
110307051135, 
110307061216, 
110307061329, 
110307071416, 
110307071508, 
110307081594, 
110307081700, 
110307091786, 
110307091899, 
110307102035, 
110307102167, 
110307112258, 
110307112368, 
110307122450, 
110307122551, 
110307132634, 
110307132746, 
110307142838, 
110307142942, 
110307153017, 
110307153119, 
110307163194, 
110307163296, 
110307173476, 
110307173609, 
110307183685, 
110307183782, 
110307194017, 
110307194123, 
110307204201, 
110307204302, 
110307214387, 
110307214499, 
110307224781, 
110307224888, 
110307234966, 
110307235075, 
110307245274, 
110307246278, 
110307256357, 
110307256465, 
110307266592, 
110307266724, 
110307276802, 
110307276910, 
110307286983, 
110307287091, 
110307297172, 
110307297285, 
110307307364, 
110307307462, 
110307317885, 
110307318047, 
110307328125, 
110307328266, 
110307338458, 
110307338669, 
110307348752, 
110307348913, 
110307359254, 
110307359384, 
110307369524, 
110307369691, 
110307379775, 
110307379952, 
110307390033, 
110307390561, 
110307400643, 
110307400851, 
110307410974, 
110307411115, 
110307421197, 
110307421319, 
110307431404, 
110307431518, 
110307441626, 
110307441734, 
110307451936, 
110307452128, 
110307462251, 
110307462381, 
110307472466, 
110307472586, 
110307482684, 
110307482794, 
110307492898, 
110307492996, 
110307503117, 
110307503348, 
110307513425, 
110307513565, 
110307523752, 
110307523887, 
110307533970, 
110307534074, 
110307544182, 
110307544285, 
110307554402, 
110307554526, 
110307564620, 
110307564713, 
110307574902, 
110307575149, 
110307585351, 
110307585525, 
110307595754, 
110307595949, 
110307606108, 
110307606237, 
110307616362, 
110307616552, 
110307626631, 
110307626786, 
110307636867, 
110307637027, 
110307647193, 
110307647363, 
110307657401, 
110307657645, 
110307667823, 
110307668026, 
110307678099, 
110307678222, 
110307688340, 
110307688508, 
110307698584, 
110307698706, 
110307708782, 
110307708906, 
110307718985, 
110307719134, 
110307729208, 
110307729337, 
110307739528, 
110307739629, 
110307749728, 
110307749837, 
110307760046, 
110307760196, 
110307770273, 
110307770395, 
110307780475, 
110307780878, 
110307790996, 
110307791279, 
110307801354, 
110307801516, 
110307811638, 
110307811733, 
110307821851, 
110307822124, 
110307832369, 
110307832571, 
110307842689, 
110307842790, 
110307852997, 
110307853244, 
110307863344, 
110307863442, 
110307873825, 
110307874013, 
110307884101, 
110307884276, 
110307894397, 
110307894504, 
110307904621, 
110307904846, 
110307914932, 
110307915115, 
110307925242, 
110307925394, 
110307935480, 
110307935588, 
110307945771, 
110307945957, 
110307956117, 
110307956244, 
110307966331, 
110307966450, 
110307976556, 
110307976943, 
110307986765, 
110307987098, 
110307996989, 
110307997503, 
110308007237, 
110308007743, 
110308020542, 
110308020765, 
110308031233, 
110308031451, 
110308041534, 
110308041712, 
110308051756, 
110308051880, 
110308061963, 
110308062071, 
110308072178, 
110308072296, 
110308082616, 
110308082733, 
110308092810, 
110308092900, 
110308103047, 
110308103221, 
110308113313, 
110308113468, 
110308123548, 
110308123703, 
110308133783, 
110308133951, 
110308144073, 
110308144189, 
110308154356, 
110308154558, 
110308164640, 
110308164792, 
110308175022, 
110308175201, 
110308185283, 
110308185452, 
110308195639, 
110308195814, 
110308205902, 
110308206057, 
110308216140, 
110308216279, 
110308226360, 
110308226514, 
110308236744, 
110308237053, 
110308247167, 
110308247367, 
110308257489, 
110308257611, 
110308267728, 
110308267910, 
110308277952, 
110308278129, 
110308288207, 
110308288356, 
110308298434, 
110308298580, 
110308308659, 
110308308807, 
110308318889, 
110308319057, 
110308329137, 
110308329289, 
110308339496, 
110308339668, 
110308349755, 
110308349941, 
110308360150, 
110308360322, 
110308370563, 
110308370685, 
110308380760, 
110308380854, 
110308390933, 
110308391041, 
110308401123, 
110308401259, 
110308411341, 
110308411455, 
110308421531, 
110308421629, 
110308432495, 
110308432620, 
110308442699, 
110308442798, 
110308452878, 
110308453043, 
110308463121, 
110308463217, 
110308473295, 
110308473395, 
110308483476, 
110308483585, 
110308493665, 
110308493781, 
110308503911, 
110308504128, 
110308514253, 
110308514360, 
110308524439, 
110308524568, 
110308534651, 
110308534759, 
110308544839, 
110308544956, 
110308555032, 
110308555136, 
110308565212, 
110308565380, 
110308575464, 
110308575607, 
110308585884, 
110308585992, 
110308596135, 
110308596278, 
110308606360, 
110308606454, 
110308616611, 
110308616706, 
110308627341, 
110308627437, 
110308637513, 
110308637596, 
110308647682, 
110308647808, 
110308657888, 
110308657995, 
110308668616, 
110308668740, 
110308678868, 
110308678954, 
110308689676, 
110308689751, 
110308699824, 
110308699911, 
110308709980, 
110308710052, 
110308720126, 
110308720209, 
110308730280, 
110308730351, 
110308740612, 
110308740686, 
110308750760, 
110308750851, 
110308760932, 
110308761035, 
110308771111, 
110308771182, 
110308781259, 
110308781351, 
110308791427, 
110308791519, 
110308801603, 
110308801726, 
110308811971, 
110308812191, 
110308822274, 
110308822370, 
110308832509, 
110308832625, 
110308842707, 
110308842812, 
110308852891, 
110308852989, 
110308863067, 
110308863166, 
110308873242, 
110308873335, 
110308883517, 
110308883602, 
110308893675, 
110308893757, 
110308903835, 
110308903958, 
110308914160, 
110308914262, 
110308924346, 
110308924469, 
110308934543, 
110308934633, 
110308944708, 
110308944801, 
110308955223, 
110308955373, 
110308965451, 
110308965540, 
110308975708, 
110308975815, 
110308985893, 
110308985983, 
110308996060, 
110308996153, 
110309006238, 
110309006346, 
110309016420, 
110309016515, 
110309026688, 
110309026771, 
110309036844, 
110309036939, 
110309047023, 
110309047127, 
110309057205, 
110309057296, 
110309067370, 
110309067465, 
110309077542, 
110309077649, 
110309087725, 
110309087825, 
110309097914, 
110309098045, 
110309108124, 
110309108216, 
110309118625, 
110309118745, 
110309128827, 
110309128910, 
110309138992, 
110309139093, 
110309149180, 
110309149291, 
110309159370, 
110309159465, 
110309169551, 
110309169660, 
110309179742, 
110309179837, 
110309189956, 
110309190087, 
110309200172, 
110309200287, 
110309210364, 
110309210465, 
110309220546, 
110309220656, 
110309230738, 
110309230882, 
110309241161, 
110309241255, 
110309251333, 
110309251435, 
110309261741, 
110309261863, 
110309272136, 
110309272233, 
110309282311, 
110309282418, 
110309292494, 
110309292596, 
110309302744, 
110309302831, 
110309312940, 
110309313061, 
110309323143, 
110309323246, 
110309333418, 
110309333611, 
110309343651, 
110309343735, 
110309353818, 
110309353930, 
110309364039, 
110309364148, 
110309374296, 
110309374420, 
110309384497, 
110309384584, 
110309394738, 
110309394828, 
110309404953, 
110309405061, 
110309415233, 
110309415349, 
110309425426, 
110309425531, 
110309435611, 
110309435697, 
110309445770, 
110309445852, 
110309456315, 
110309456410, 
110309466490, 
110309466584, 
110309476781, 
110309476877, 
110309486956, 
110309487041, 
110309497266, 
110309497383, 
110309507471, 
110309507583, 
110309517659, 
110309517748, 
110309527884, 
110309527989, 
110309538067, 
110309538169, 
110309548253, 
110309548471, 
110309558555, 
110309558668, 
110309568797, 
110309568916, 
110309578994, 
110309579077, 
110309589153, 
110309589238, 
110309599387, 
110309599564, 
110309609644, 
110309609787, 
110309619981, 
110309620151, 
110309630229, 
110309630379, 
110309640519, 
110309640683, 
110309650791, 
110309650897, 
110309661009, 
110309661121, 
110309671265, 
110309671366, 
110309681449, 
110309681581, 
110309691665, 
110309691767, 
110309701866, 
110309701956, 
110309712108, 
110309712223, 
110309722367, 
110309722514, 
110309732588, 
110309732673, 
110309742751, 
110309742845, 
110309752951, 
110309753035, 
110309763112, 
110309763236, 
110309773311, 
110309773442, 
110309783652, 
110309783872, 
110309793950, 
110309794103, 
110309804184, 
110309804332, 
110309814461, 
110309814575, 
110309824680, 
110309824774, 
110309834894, 
110309834994, 
110309845107, 
110309845223, 
110309855419, 
110309855554, 
110309865633, 
110309865726, 
110309875799, 
110309875888, 
110309885962, 
110309886060, 
110309896133, 
110309896225, 
110309906298, 
110309906387, 
110309916463, 
110309916540, 
110309926702, 
110309927026, 
110309937103, 
110309937199, 
110309947349, 
110309947425, 
110309957500, 
110309957590, 
110309967663, 
110309967745, 
110309977838, 
110309977974, 
110309988056, 
110309988146, 
110309998323, 
110309998638, 
110310008718, 
110310008803, 
110310018882, 
110310018974, 
110310029054, 
110310029476, 
110310039215, 
110310039622, 
110310049532, 
110310049772, 
110310059701, 
110310059921, 
110310069893, 
110310070089, 
110310080170, 
110310080263, 
110310090339, 
110310090437, 
110310100602, 
110310100794, 
110310110762, 
110310110867, 
110310120950, 
110310121241, 
110310131318, 
110310131411, 
110310141539, 
110310141665, 
110310151750, 
110310151851, 
110310161927, 
110310162240, 
110310172590, 
110310172690, 
110310182768, 
110310182877, 
110310192956, 
110310193063, 
110310203260, 
110310203375, 
110310213622, 
110310214045, 
110310224122, 
110310224266, 
110310234414, 
110310234547, 
110310244630, 
110310244733, 
110310254808, 
110310254908, 
110310265007, 
110310265277, 
110310275197, 
110310275476, 
110310285455, 
110310285564, 
110310295646, 
110310295745, 
110310305954, 
110310307278, 
110310317357, 
110310317578, 
110310327548, 
110310327727, 
110310337901, 
110310337999, 
110310348084, 
110310348254, 
110310358341, 
110310358468, 
110310368548, 
110310368660, 
110310378762, 
110310378869, 
110310389266, 
110310389363, 
110310399467, 
110310399581, 
110310409668, 
110310409789, 
110310420085, 
110310420227, 
110310430312, 
110310430431, 
110310440515, 
110310440621, 
110310450729, 
110310450844, 
110310460952, 
110310461066, 
110310471268, 
110310471419, 
110310481502, 
110310481638, 
110310492735, 
110310494445, 
110310504527, 
110310504673, 
110310514798, 
110310514955, 
110310525038, 
110310525190, 
110310535356, 
110310535782, 
110310545864, 
110310546032, 
110310556212, 
110310556631, 
110310566805, 
110310566928, 
110310577291, 
110310577417, 
110310587503, 
110310587629, 
110310597711, 
110310597827, 
110310607909, 
110310608032, 
110310618107, 
110310618208, 
110310628458, 
110310628624, 
110310638704, 
110310638808, 
110310648941, 
110310649070, 
110310659150, 
110310659255, 
110310669336, 
110310669450, 
110310679524, 
110310679643, 
110310689726, 
110310689840, 
110310699926, 
110310700042, 
110310710129, 
110310710250, 
110310720342, 
110310720483, 
110310730566, 
110310730679, 
110310740765, 
110310740885, 
110310750969, 
110310751086, 
110310761174, 
110310761303, 
110310771390, 
110310771508, 
110310781588, 
110310781691, 
110310791884, 
110310792028, 
110310802106, 
110310802228, 
110310812310, 
110310812425, 
110310822507, 
110310822609, 
110310832690, 
110310832794, 
110310842878, 
110310843268, 
110310853349, 
110310853458, 
110310863602, 
110310863742, 
110310873824, 
110310873926, 
110310884009, 
110310884121, 
110310894204, 
110310894307, 
110310904390, 
110310904487, 
110310914568, 
110310914681, 
110310924763, 
110310924859, 
110310934994, 
110310935124, 
110310945212, 
110310945353, 
110310955435, 
110310955537, 
110310965924, 
110310966016, 
110310976179, 
110310976289, 
110310986371, 
110310986470, 
110310996553, 
110310996643, 
110311006778, 
110311006924, 
110311017010, 
110311017133, 
110311027215, 
110311027510, 
110311037405, 
110311037676, 
110311047598, 
110311047788, 
110311057898, 
110311058005, 
110311068083, 
110311068186, 
110311078586, 
110311078693, 
110311088771, 
110311088885, 
110311098967, 
110311099080, 
110311109186, 
110311109361, 
110311119483, 
110311119585, 
110311129706, 
110311129802, 
110311139916, 
110311140021, 
110311150179, 
110311150361, 
110311160439, 
110311160572, 
110311170679, 
110311170849, 
110311181339, 
110311181475, 
110311191752, 
110311191921, 
110311202034, 
110311202147, 
110311212253, 
110311212346, 
110311222481, 
110311222589, 
110311232692, 
110311232790, 
110311243360, 
110311243513, 
110311253595, 
110311253739, 
110311263940, 
110311264072, 
110311274172, 
110311274270, 
110311284379, 
110311284482, 
110311294597, 
110311294719, 
110311304823, 
110311304924, 
110311315037, 
110311315143, 
110311325250, 
110311325373, 
110311335515, 
110311335696, 
110311345779, 
110311345924, 
110311356004, 
110311356146, 
110311366227, 
110311366401, 
110311376545, 
110311376647, 
110311387103, 
110311387295, 
110311397385, 
110311397487, 
110311407619, 
110311407810, 
110311417895, 
110311418051, 
110311428240, 
110311428373, 
110311438457, 
110311438564, 
110311448672, 
110311448776, 
110311458890, 
110311459003, 
110311469111, 
110311469232, 
110311479515, 
110311479670, 
110311489749, 
110311489848, 
110311500006, 
110311500185, 
110311510270, 
110311510436, 
110311520515, 
110311520656, 
110311530740, 
110311530911, 
110311541029, 
110311541128, 
110311551244, 
110311551354, 
110311561464, 
110311561578, 
110311571741, 
110311572020, 
110311582103, 
110311582230, 
110311592648, 
110311592817, 
110311602935, 
110311603048, 
110311613155, 
110311613272, 
110311623379, 
110311623498, 
110311633593, 
110311633696, 
110311643844, 
110311644043, 
110311654122, 
110311654266, 
110311664475, 
110311664580, 
110311674668, 
110311674776, 
110311684884, 
110311685003, 
110311695099, 
110311695218, 
110311705344, 
110311705504, 
110311715615, 
110311715792, 
110311725867, 
110311726009, 
110311737392, 
110311737858, 
110311748018, 
110311748132, 
110311758436, 
110311758540, 
110311768651, 
110311768760, 
110311778897, 
110311779014, 
110311789150, 
110311789319, 
110311799399, 
110311799553, 
110311809661, 
110311809858, 
110311820014, 
110311820179, 
110311830376, 
110311830495, 
110311840582, 
110311840854, 
110311850874, 
110311851145, 
110311861285, 
110311861442, 
110311871715, 
110311871902, 
110311882060, 
110311882185, 
110311892267, 
110311892367, 
110311902485, 
110311902706, 
110311912830, 
110311912967, 
110311923049, 
110311923859, 
110311933969, 
110311934164, 
110311944240, 
110311944485, 
110311954590, 
110311954687, 
110311964887, 
110311965098, 
110311975224, 
110311975371, 
110311985458, 
110311985570, 
110311995680, 
110311996203, 
110312005888, 
110312006607, 
110312016306, 
110312016826, 
110312026526, 
110312026985, 
110312036793, 
110312037333, 
110312047040, 
110312047503, 
110312057261, 
110312057723, 
110312067469, 
110312067907, 
110312077680, 
110312078061, 
110312087889, 
110312088218, 
110312098091, 
110312098375, 
110312108379, 
110312108534, 
110312118621, 
110312118726, 
110312128810, 
110312128942, 
110312139028, 
110312139140, 
110312149224, 
110312149333, 
110312159419, 
110312159533, 
110312169687, 
110312169798, 
110312179928, 
110312180075, 
110312190161, 
110312190276, 
110312200392, 
110312200525, 
110312210617, 
110312210747, 
110312220864, 
110312220982, 
110312231077, 
110312231199, 
110312241329, 
110312241448, 
110312251720, 
110312251831, 
110312261922, 
110312262044, 
110312272191, 
110312272332, 
110312282694, 
110312282785, 
110312292868, 
110312292986, 
110312303063, 
110312303159, 
110312313236, 
110312313329, 
110312323442, 
110312323540, 
110312333619, 
110312333719, 
110312343864, 
110312343979, 
110312354058, 
110312354152, 
110312364232, 
110312364341, 
110312374421, 
110312374516, 
110312384596, 
110312384734, 
110312394985, 
110312395100, 
110312405181, 
110312405324, 
110312415426, 
110312415562, 
110312425643, 
110312425755, 
110312435834, 
110312436069, 
110312446180, 
110312446280, 
110312456357, 
110312456464, 
110312466626, 
110312466724, 
110312476805, 
110312476929, 
110312487054, 
110312487193, 
110312497271, 
110312497373, 
110312507449, 
110312507553, 
110312517631, 
110312517739, 
110312527989, 
110312528164, 
110312538177, 
110312538368, 
110312548448, 
110312548594, 
110312558733, 
110312558865, 
110312568945, 
110312569047, 
110312579123, 
110312579220, 
110312589306, 
110312589434, 
110312599545, 
110312599657, 
110312609798, 
110312609925, 
110312620002, 
110312620108, 
110312630200, 
110312630352, 
110312640439, 
110312640579, 
110312650662, 
110312650782, 
110312660870, 
110312660996, 
110312671080, 
110312671194, 
110312681452, 
110312681546, 
110312691627, 
110312691819, 
110312701961, 
110312702264, 
110312712344, 
110312712484, 
110312722574, 
110312723069, 
110312733148, 
110312733315, 
110312743397, 
110312743542, 
110312753625, 
110312753789, 
110312763867, 
110312764007, 
110312774089, 
110312774241, 
110312784361, 
110312784479, 
110312794636, 
110312794809, 
110312804895, 
110312805054, 
110312815135, 
110312815291, 
110312825381, 
110312825532, 
110312835652, 
110312835771, 
110312845879, 
110312845991, 
110312856096, 
110312856213, 
110312866395, 
110312866732, 
110312876817, 
110312876983, 
110312887542, 
110312887649, 
110312897772, 
110312897893, 
110312907997, 
110312908121, 
110312918222, 
110312918553, 
110312928424, 
110312928746, 
110312938633, 
110312938938, 
110312948860, 
110312949127, 
110312959488, 
110312959807, 
110312969917, 
110312970021, 
110312980195, 
110312980452, 
110312990559, 
110312990698, 
110313000781, 
110313000901, 
110313011210, 
110313011391, 
110313021430, 
110313021546, 
110313031635, 
110313031756, 
110313041842, 
110313041955, 
110313052116, 
110313052384, 
110313062532, 
110313062706, 
110313072990, 
110313073302, 
110313083406, 
110313083558, 
110313093928, 
110313094021, 
110313104098, 
110313104252, 
110313114366, 
110313114475, 
110313124589, 
110313124695, 
110313134800, 
110313134896, 
110313145076, 
110313145244, 
110313155446, 
110313155559, 
110313165668, 
110313165783, 
110313175880, 
110313175997, 
110313186094, 
110313186182, 
110313196309, 
110313196408, 
110313206517, 
110313206619, 
110313216772, 
110313216945, 
110313226985, 
110313227082, 
110313237180, 
110313237292, 
110313247396, 
110313247503, 
110313257608, 
110313257697, 
110313267776, 
110313267959, 
110313278384, 
110313278517, 
110313288604, 
110313288796, 
110313298885, 
110313298991, 
110313310146, 
110313310347, 
110313320437, 
110313320610, 
110313330774, 
110313331015, 
110313341102, 
110313341312, 
110313351410, 
110313351538, 
110313361628, 
110313361731, 
110313371839, 
110313371943, 
110313382107, 
110313382284, 
110313392362, 
110313392498, 
110313402897, 
110313403368, 
110313413446, 
110313413584, 
110313423764, 
110313424044, 
110313434180, 
110313434297, 
110313444379, 
110313444481, 
110313454606, 
110313454907, 
110313464815, 
110313465269, 
110313475054, 
110313475448, 
110313485250, 
110313485734, 
110313495943, 
110313496276, 
110313506375, 
110313506554, 
110313516925, 
110313517765, 
110313527846, 
110313528017, 
110313538108, 
110313538310, 
110313548390, 
110313548488, 
110313558603, 
110313558725, 
110313568827, 
110313568935, 
110313579048, 
110313579161, 
110313589264, 
110313589372, 
110313599480, 
110313599596, 
110313609734, 
110313609910, 
110313619992, 
110313620184, 
110313630263, 
110313630410, 
110313640541, 
110313640635, 
110313650755, 
110313650856, 
110313660971, 
110313661068, 
110313671195, 
110313671307, 
110313681762, 
110313682171, 
110313692299, 
110313692597, 
110313703119, 
110313703793, 
110313713917, 
110313714032, 
110313724450, 
110313724835, 
110313735127, 
110313735449, 
110313745628, 
110313746278, 
110313755967, 
110313756470, 
110313766573, 
110313766696, 
110313776779, 
110313776899, 
110313786973, 
110313787051, 
110313797126, 
110313797217, 
110313807290, 
110313807372, 
110313817486, 
110313817792, 
110313827867, 
110313827951, 
110313838031, 
110313838129, 
110313848201, 
110313848299, 
110313858371, 
110313858459, 
110313868804, 
110313868972, 
110313879091, 
110313879173, 
110313889611, 
110313889757, 
110313899938, 
110313900068, 
110313910532, 
110313910657, 
110313920742, 
110313920871, 
110313930952, 
110313931088, 
110313941324, 
110313941456, 
110313951538, 
110313951669, 
110313962142, 
110313962332, 
110313972462, 
110313972633, 
110313982717, 
110313982856, 
110313992935, 
110313993079, 
110314003253, 
110314003566, 
110314013676, 
110314013778, 
110314023908, 
110314024022, 
110314034100, 
110314034192, 
110314044335, 
110314044422, 
110314054499, 
110314054592, 
110314064670, 
110314064760, 
110314074921, 
110314075022, 
110314085103, 
110314085214, 
110314095291, 
110314095494, 
110314105575, 
110314105696, 
110314115771, 
110314115882, 
110314125958, 
110314126071, 
110314136148, 
110314136251, 
110314146451, 
110314146572, 
110314156651, 
110314156753, 
110314166827, 
110314166924, 
110314177010, 
110314177128, 
110314187207, 
110314187333, 
110314197416, 
110314197529, 
110314207605, 
110314207725, 
110314217861, 
110314218051, 
110314228189, 
110314228308, 
110314238391, 
110314238525, 
110314248600, 
110314248700, 
110314258779, 
110314258887, 
110314269020, 
110314269113, 
110314279256, 
110314279373, 
110314289516, 
110314289652, 
110314299732, 
110314299835, 
110314309913, 
110314310027, 
110314320106, 
110314320450, 
110314330296, 
110314330609, 
110314340481, 
110314340760, 
110314350770, 
110314350878, 
110314361006, 
110314361136, 
110314371217, 
110314371320, 
110314381401, 
110314381518, 
110314391604, 
110314391720, 
110314401803, 
110314401909, 
110314411999, 
110314412118, 
110314422204, 
110314422330, 
110314432510, 
110314432654, 
110314442734, 
110314442837, 
110314452944, 
110314453064, 
110314463148, 
110314463269, 
110314473356, 
110314473464, 
110314483545, 
110314483653, 
110314493731, 
110314493822, 
110314504162, 
110314504302, 
110314514388, 
110314514508, 
110314524597, 
110314524715, 
110314534790, 
110314534891, 
110314544991, 
110314545080, 
110314555219, 
110314555365, 
110314565445, 
110314565541, 
110314576285, 
110314576713, 
110314587085, 
110314587166, 
110314597624, 
110314597742, 
110314607820, 
110314607903, 
110314617989, 
110314618100, 
110314628192, 
110314628271, 
110314638345, 
110314638432, 
110314648510, 
110314648596, 
110314658670, 
110314658761, 
110314669083, 
110314669193, 
110314679269, 
110314679350, 
110314689603, 
110314689784, 
110314699856, 
110314699935, 
110314710006, 
110314710086, 
110314720353, 
110314720504, 
110314730570, 
110314730631, 
110314740733, 
110314740797, 
110314750863, 
110314751004, 
110314761159, 
110314761399, 
110314771468, 
110314771530, 
110314781595, 
110314781661, 
110314791742, 
110314791854, 
110314801921, 
110314801979, 
110314812047, 
110314812118, 
110314822250, 
110314822351, 
110314832516, 
110314832938, 
110314843006, 
110314843091, 
110314853159, 
110314853252, 
110314863318, 
110314863399, 
110314873465, 
110314873555, 
110314883680, 
110314883765, 
110314893834, 
110314893896, 
110314904307, 
110314904426, 
110314914577, 
110314914640, 
110314924719, 
110314924854, 
110314935105, 
110314935164, 
110314945235, 
110314945333, 
110314955336, 
110314955412, 
110314965481, 
110314965540, 
110314975678, 
110314975929, 
110314985998, 
110314986057, 
110314996165, 
110314996219, 
110315006288, 
110315006392, 
110315016459, 
110315016554, 
110315026622, 
110315026682, 
110315036771, 
110315036833, 
110315047188, 
110315047302, 
110315057372, 
110315057472, 
110315067539, 
110315067630, 
110315077741, 
110315077799, 
110315087867, 
110315087929, 
110315097999, 
110315098107, 
110315108173, 
110315108237, 
110315118332, 
110315118422, 
110315128641, 
110315128723, 
110315138791, 
110315138849, 
110315148916, 
110315149002, 
110315159069, 
110315159160, 
110315169205, 
110315169326, 
110315179395, 
110315179458, 
110315189529, 
110315189811, 
110315199853, 
110315199911, 
110315209979, 
110315210059, 
110315220129, 
110315220203, 
110315230274, 
110315230330, 
110315240551, 
110315240698, 
110315250766, 
110315250824, 
110315260911, 
110315260965, 
110315271077, 
110315271186, 
110315281493, 
110315281616, 
110315291682, 
110315291759, 
110315301824, 
110315301885, 
110315311955, 
110315312015, 
110315322083, 
110315322134, 
110315332199, 
110315332248, 
110315342391, 
110315342442, 
110315352507, 
110315352563, 
110315362629, 
110315362687, 
110315372755, 
110315372810, 
110315382894, 
110315382970, 
110315393058, 
110315393206, 
110315403283, 
110315403407, 
110315413480, 
110315413580, 
110315423656, 
110315423767, 
110315433920, 
110315434063, 
110315444147, 
110315444261, 
110315454348, 
110315454481, 
110315464563, 
110315464669, 
110315474749, 
110315474843, 
110315484930, 
110315485411, 
110315495473, 
110315495524, 
110315505590, 
110315505650, 
110315515716, 
110315515786, 
110315526089, 
110315526302, 
110315536368, 
110315536426, 
110315546569, 
110315546640, 
110315556730, 
110315556818, 
110315566886, 
110315566955, 
110315577024, 
110315577094, 
110315587264, 
110315587322, 
110315597441, 
110315597528, 
110315607599, 
110315607709, 
110315617912, 
110315617973, 
110315628170, 
110315628250, 
110315638317, 
110315638379, 
110315648461, 
110315648556, 
110315658625, 
110315658699, 
110315669005, 
110315669318, 
110315679387, 
110315679461, 
110315689532, 
110315689626, 
110315699871, 
110315699948, 
110315710184, 
110315710276, 
110315720344, 
110315720412, 
110315730479, 
110315730542, 
110315740841, 
110315741114, 
110315751188, 
110315751246, 
110315761315, 
110315761380, 
110315771448, 
110315771534, 
110315781608, 
110315781691, 
110315791769, 
110315791836, 
110315801904, 
110315801989, 
110315812133, 
110315812255, 
110315822333, 
110315822449, 
110315832519, 
110315832582, 
110315842653, 
110315842724, 
110315852792, 
110315852874, 
110315862942, 
110315863001, 
110315873095, 
110315873157, 
110315883225, 
110315883456, 
110315893525, 
110315893583, 
110315903651, 
110315903731, 
110315913800, 
110315913863, 
110315923953, 
110315924010, 
110315934087, 
110315934222, 
110315944290, 
110315944350, 
110315954441, 
110315954498, 
110315964566, 
110315964650, 
110315974718, 
110315974775, 
110315984854, 
110315984922, 
110315994990, 
110315995074, 
110316005150, 
110316005280, 
110316015356, 
110316015425, 
110316025514, 
110316025574, 
110316035644, 
110316035733, 
110316045802, 
110316045864, 
110316056113, 
110316056195, 
110316066263, 
110316066323, 
110316076523, 
110316076685, 
110316086755, 
110316086849, 
110316096986, 
110316097069, 
110316107138, 
110316107237, 
110316117367, 
110316117455, 
110316127499, 
110316127566, 
110316137641,67.5
110316138012, 
110316149722, 
110316149808, 
110316159884, 
110316159997, 
110316170095, 
110316170324, 
110316180440, 
110316180596, 
110316190671, 
110316190789, 
110316200899, 
110316201127, 
110316211434, 
110316211687, 
110316221802, 
110316222021, 
110316232135, 
110316232421, 
110316243296, 
110316243854, 
110316254074, 
110316257495, 
110316265231, 
110316269139, 
110316275872, 
110316281675, 
110316286193, 
110316292284, 
110316296488, 
110316302530, 
110316306680, 
110316312693, 
110316316920, 
110316323247, 
110316327118, 
110316333444, 
110316337688, 
110316343576, 
110316347905, 
110316353697, 
110316358066, 
110316363822, 
110316368189, 
110316373983, 
110316378322, 
110316384121, 
110316388465, 
110316394286, 
110316398620, 
110316404483, 
110316408946, 
110316414636, 
110316419162, 
110316424777, 
110316429286, 
110316434913, 
110316439432, 
110316445040, 
110316449591, 
110316455178, 
110316459729, 
110316465336, 
110316469858, 
110316475467, 
110316480064, 
110316485598, 
110316490234, 
110316495754, 
110316500380, 
110316505902, 
110316510508, 
110316516042, 
110316520741, 
110316526223, 
110316530931, 
110316536348, 
110316541072, 
110316546468, 
110316551481, 
110316556606, 
110316561631, 
110316566749, 
110316571760, 
110316576925, 
110316581917, 
110316587146, 
110316592090, 
110316597298, 
110316602233, 
110316607436, 
110316612429, 
110316617553, 
110316622549, 
110316627682, 
110316632663, 
110316637805, 
110316642794, 
110316647935, 
110316652911, 
110316658049, 
110316663045, 
110316668164, 
110316673183, 
110316678324, 
110316683363, 
110316688562, 
110316693481, 
110316698743, 
110316703598, 
110316708944, 
110316713724, 
110316719108, 
110316723972, 
110316729224, 
110316734184, 
110316739344, 
110316744307, 
110316749473, 
110316754420, 
110316759717, 
110316764545, 
110316769862, 
110316774674, 
110316779988, 
110316784809, 
110316790197, 
110316794973, 
110316800356, 
110316805120, 
110316810669, 
110316815271, 
110316821185, 
110316825437, 
110316831312, 
110316835614, 
110316841447, 
110316845769, 
110316851577, 
110316855935, 
110316861879, 
110316866185, 
110316872022, 
110316876602, 
110316882153, 
110316886727, 
110316892277, 
110316896841, 
110316902431, 
110316907055, 
110316912578, 
110316917210, 
110316922699, 
110316927347, 
110316932830, 
110316937642, 
110316943082, 
110316947794, 
110316953211, 
110316957922, 
110316963497, 
110316968081, 
110316973624, 
110316978215, 
110316983773, 
110316988455, 
110316993906, 
110316998609, 
110317004082, 
110317008814, 
110317014292, 
110317019006, 
110317024569, 
110317029214, 
110317034795, 
110317039605, 
110317045080, 
110317050066, 
110317055375, 
110317060856, 
110317065856, 
110317071638, 
110317076099, 
110317082142, 
110317086446, 
110317092431, 
110317096681, 
110317102824, 
110317106883, 
110317113099, 
110317117615, 
110317123742, 
110317127906, 
110317134104, 
110317138452, 
110317144318, 
110317148677, 
110317154526, 
110317158926, 
110317164708, 
110317169112, 
110317175142, 
110317179320, 
110317185363, 
110317189638, 
110317197103, 
110317199815, 
110317207512, 
110317210084, 
110317217831, 
110317220293, 
110317228067, 
110317230456, 
110317238680, 
110317240625, 
110317248897, 
110317250819, 
110317259091, 
110317261043, 
110317269269, 
110317271282, 
110317279467, 
110317281721, 
110317289698, 
110317291968, 
110317299934, 
110317302138, 
110317310154, 
110317312333, 
110317320468, 
110317322521, 
110317330690, 
110317332703, 
110317340873, 
110317342886, 
110317351062, 
110317353238, 
110317361429, 
110317363435, 
110317371625, 
110317373639, 
110317382405, 
110317383808, 
110317392605, 
110317393988, 
110317402863, 
110317404343, 
110317413056, 
110317414590, 
110317423255, 
110317424762, 
110317433442, 
110317434978, 
110317443632, 
110317445145, 
110317453945, 
110317455615, 
110317464145, 
110317465880, 
110317474909, 
110317476291, 
110317485142, 
110317486497, 
110317495374, 
110317496954, 
110317505716, 
110317507148, 
110317515930, 
110317517864, 
110317526152, 
110317528702, 
110317536353, 
110317539073, 
110317546896, 
110317549331, 
110317557191, 
110317560064, 
110317567661, 
110317570292, 
110317577908, 
110317580483, 
110317588142, 
110317590697, 
110317598463, 
110317600915, 
110317608684, 
110317611382, 
110317618876, 
110317621574, 
110317629045, 
110317631827, 
110317639275, 
110317642031, 
110317650146, 
110317652243, 
110317660409, 
110317662416, 
110317670621, 
110317672624, 
110317680819, 
110317682867, 
110317691047, 
110317693050, 
110317701525, 
110317703388, 
110317711730, 
110317713654, 
110317722012, 
110317723973, 
110317732217, 
110317734136, 
110317742434, 
110317744312, 
110317752626, 
110317754509, 
110317762897, 
110317764692, 
110317773111, 
110317775195, 
110317783304, 
110317785502, 
110317793576, 
110317795876, 
110317804039, 
110317806130, 
110317814239, 
110317816308, 
110317824423, 
110317826603, 
110317834745, 
110317836962, 
110317844983, 
110317847118, 
110317855149, 
110317857418, 
110317865372, 
110317867971, 
110317875707, 
110317878175, 
110317885922, 
110317888368, 
110317896680, 
110317898592, 
110317906961, 
110317908799, 
110317917413, 
110317919021, 
110317927628, 
110317929226, 
110317937832, 
110317939952, 
110317948035, 
110317950410, 
110317958274, 
110317960648, 
110317968471, 
110317970911, 
110317978690, 
110317981061, 
110317988944, 
110317991255, 
110317999185, 
110318001469, 
110318009471, 
110318011687, 
110318019822, 
110318021907, 
110318030050, 
110318032129, 
110318040297, 
110318042368, 
110318050523, 
110318052576, 
110318061091, 
110318062780, 
110318071373, 
110318072997, 
110318081698, 
110318083615, 
110318091952, 
110318093841, 
110318102191, 
110318104213, 
110318112442, 
110318114553, 
110318122721, 
110318124774, 
110318133010, 
110318134986, 
110318143273, 
110318145270, 
110318153572, 
110318155762, 
110318163800, 
110318166068, 
110318174019, 
110318176330, 
110318184227, 
110318186930, 
110318194554, 
110318197349, 
110318204989, 
110318207646, 
110318215383, 
110318217882, 
110318225746, 
110318228161, 
110318236009, 
110318238380, 
110318246251, 
110318248590, 
110318256559, 
110318258804, 
110318267058, 
110318269215, 
110318277293, 
110318279446, 
110318287544, 
110318289722, 
110318297852, 
110318300161, 
110318308055, 
110318310376, 
110318318304, 
110318320593, 
110318328635, 
110318330823, 
110318338962, 
110318341429, 
110318349419, 
110318351695, 
110318359658, 
110318362027, 
110318369888, 
110318372466, 
110318380372, 
110318382752, 
110318390783, 
110318393100, 
110318401289, 
110318403324, 
110318411692, 
110318413617, 
110318421935, 
110318423783, 
110318432235, 
110318433946, 
110318442430, 
110318444114, 
110318452611, 
110318454295, 
110318462788, 
110318464478, 
110318472950, 
110318474661, 
110318483217, 
110318484816, 
110318493415, 
110318495004, 
110318503594, 
110318505614, 
110318513910, 
110318515836, 
110318524136, 
110318526057, 
110318534422, 
110318536423, 
110318544651, 
110318546752, 
110318555081, 
110318557000, 
110318565358, 
110318567219, 
110318575639, 
110318577468, 
110318586023, 
110318587701, 
110318596267, 
110318598052, 
110318606552, 
110318608459, 
110318616776, 
110318618762, 
110318626995, 
110318629031, 
110318637211, 
110318639236, 
110318647642, 
110318649406, 
110318658136, 
110318659629, 
110318668396, 
110318670105, 
110318678689, 
110318680315, 
110318688898, 
110318691227, 
110318699122, 
110318701471, 
110318709343, 
110318711925, 
110318719645, 
110318722209, 
110318730033, 
110318732436, 
110318740282, 
110318742765, 
110318750532, 
110318752982, 
110318760758, 
110318763183, 
110318771028, 
110318773586, 
110318781249, 
110318783799, 
110318791464, 
110318794051, 
110318801686, 
110318804891, 
110318812020, 
110318815179, 
110318822322, 
110318825400, 
110318832547, 
110318835607, 
110318842764, 
110318845823, 
110318852975, 
110318856144, 
110318863193, 
110318866383, 
110318873411, 
110318877139, 
110318883714, 
110318887436, 
110318893965, 
110318897944, 
110318904161, 
110318908171, 
110318914396, 
110318918357, 
110318924583, 
110318928543, 
110318934749, 
110318938721, 
110318945013, 
110318948887, 
110318955436, 
110318959095, 
110318965656, 
110318969283, 
110318976180, 
110318979484, 
110318986391, 
110318989712, 
110318996570, 
110318999884, 
110319006953, 
110319010075, 
110319017149, 
110319020319, 
110319027677, 
110319030647, 
110319037931, 
110319040863, 
110319048585, 
110319051076, 
110319058813, 
110319061727, 
110319069117, 
110319071928, 
110319079326, 
110319082112, 
110319089521, 
110319092377, 
110319099712, 
110319102635, 
110319109880, 
110319112785, 
110319120043, 
110319122940, 
110319130206, 
110319133107, 
110319141060, 
110319143297, 
110319151557, 
110319153500, 
110319161893, 
110319163660, 
110319172099, 
110319173873, 
110319182312, 
110319184658, 
110319192514, 
110319195064, 
110319202754, 
110319205332, 
110319212972, 
110319215616, 
110319223186, 
110319225832, 
110319233552, 
110319236059, 
110319243819, 
110319246267, 
110319254037, 
110319256430, 
110319264255, 
110319266685, 
110319274480, 
110319276957, 
110319284895, 
110319287195, 
110319295096, 
110319297656, 
110319305441, 
110319307968, 
110319315743, 
110319318189, 
110319326204, 
110319328374, 
110319336558, 
110319338567, 
110319346759, 
110319348772, 
110319356971, 
110319359028, 
110319367160, 
110319369395, 
110319377394, 
110319379621, 
110319387709, 
110319389792, 
110319397938, 
110319399988, 
110319408184, 
110319410184, 
110319418388, 
110319420453, 
110319428583, 
110319430728, 
110319438780, 
110319440954, 
110319448961, 
110319451159, 
110319459141, 
110319461323, 
110319469392, 
110319471498, 
110319479603, 
110319481685, 
110319489988, 
110319491900, 
110319500196, 
110319502254, 
110319510419, 
110319512524, 
110319520675, 
110319522764, 
110319530896, 
110319532972, 
110319541184, 
110319543148, 
110319551491, 
110319553348, 
110319561714, 
110319563711, 
110319571967, 
110319573906, 
110319582178, 
110319584481, 
110319592610, 
110319594718, 
110319603082, 
110319604937, 
110319613377, 
110319615125, 
110319623566, 
110319625289, 
110319633775, 
110319635468, 
110319643974, 
110319645639, 
110319654163, 
110319655816, 
110319664335, 
110319665998, 
110319674505, 
110319676151, 
110319684830, 
110319686327, 
110319695031, 
110319696560, 
110319705269, 
110319706843, 
110319715584, 
110319717026, 
110319725767, 
110319727279, 
110319736243, 
110319737689, 
110319746408, 
110319747846, 
110319756729, 
110319758012, 
110319766910, 
110319768188, 
110319777437, 
110319778346, 
110319787647, 
110319788507, 
110319797809, 
110319798747, 
110319808002, 
110319808935, 
110319818183, 
110319819082, 
110319828347, 
110319829242, 
110319838526, 
110319839407, 
110319849036, 
110319849563, 
110319859212, 
110319859721, 
110319869396, 
110319870245, 
110319880326, 
110319880486, 
110319890569, 
110319890709, 
110319900971, 
110319901148, 
110319911228, 
110319911386, 
110319921663, 
110319921842, 
110319931953, 
110319932086, 
110319942368, 
110319942502, 
110319952713, 
110319952881, 
110319964098, 
110319964296, 
110319974379, 
110319974546, 
110319984689, 
110319984878, 
110319994965, 
110319995119, 
110320005204, 
110320005725, 
110320015809, 
110320015961, 
110320026044, 
110320026199, 
110320036283, 
110320036450, 
110320046780, 
110320046887, 
110320057220, 
110320057383, 
110320067420, 
110320067524, 
110320077706, 
110320077885, 
110320087968, 
110320088113, 
110320098732, 
110320098923, 
110320109007, 
110320109117, 
110320119196, 
110320119296, 
110320129373, 
110320129466, 
110320139543, 
110320139649, 
110320150315, 
110320150430, 
110320160509, 
110320160611, 
110320171275, 
110320171417, 
110320181503, 
110320181691, 
110320192573, 
110320192758, 
110320202864, 
110320202975, 
110320213124, 
110320213306, 
110320223392, 
110320223553, 
110320233807, 
110320233943, 
110320244027, 
110320244216, 
110320254342, 
110320254447, 
110320264560, 
110320264669, 
110320274780, 
110320274896, 
110320285080, 
110320285263, 
110320295352, 
110320295510, 
110320306092, 
110320306282, 
110320316363, 
110320316503, 
110320326586, 
110320326735, 
110320336816, 
110320336974, 
110320347091, 
110320347194, 
110320357610, 
110320357767, 
110320367846, 
110320368037, 
110320378235, 
110320378846, 
110320388967, 
110320389072, 
110320399339, 
110320399669, 
110320409888, 
110320410075, 
110320420231, 
110320420351, 
110320430462, 
110320430578, 
110320440726, 
110320440895, 
110320450981, 
110320451152, 
110320461236, 
110320461401, 
110320472269, 
110320472578, 
110320482662, 
110320482811, 
110320492993, 
110320493104, 
110320503194, 
110320503311, 
110320513456, 
110320513647, 
110320523731, 
110320523897, 
110320533981, 
110320534156, 
110320544496, 
110320544668, 
110320554712, 
110320554884, 
110320565103, 
110320565220, 
110320575334, 
110320575449, 
110320585735, 
110320585883, 
110320595963, 
110320596066, 
110320606266, 
110320606716, 
110320616802, 
110320616924, 
110320627014, 
110320627128, 
110320637235, 
110320637355, 
110320647518, 
110320647683, 
110320657878, 
110320658342, 
110320668471, 
110320668614, 
110320679564, 
110320679742, 
110320689828, 
110320690001, 
110320700468, 
110320700608, 
110320710692, 
110320711099, 
110320721528, 
110320721722, 
110320731833, 
110320731946, 
110320742302, 
110320743100, 
110320753181, 
110320753328, 
110320763410, 
110320763564, 
110320773644, 
110320773781, 
110320783862, 
110320784048, 
110320794390, 
110320794495, 
110320804613, 
110320804761, 
110320815009, 
110320815332, 
110320825531, 
110320825684, 
110320836294, 
110320836461, 
110320846544, 
110320846777, 
110320857096, 
110320857451, 
110320867566, 
110320867669, 
110320877769, 
110320877880, 
110320887960,-1
110320888169, 
110320898265, 
110320898355, 
110320908504, 
110320908636, 
110320918728, 
110320918892, 
110320928993, 
110320929224, 
110320940424, 
110320940714, 
110320950800, 
110320950923, 
110320961555, 
110320961754, 
110320971861, 
110320972086, 
110320982585, 
110320982928, 
110320993024, 
110320993677, 
110321003743, 
110321003809, 
110321013878, 
110321013980, 
110321024087, 
110321024224, 
110321034294, 
110321034359, 
110321044467, 
110321044525, 
110321054595, 
110321054658, 
110321064727, 
110321064786, 
110321074854, 
110321074913, 
110321084984, 
110321085052, 
110321095120, 
110321095217, 
110321105267, 
110321105356, 
110321115441, 
110321115496, 
110321125564, 
110321125621, 
110321135688, 
110321135746, 
110321145821, 
110321145906, 
110321155977, 
110321156042, 
110321166110, 
110321166173, 
110321176243, 
110321176311, 
110321186528, 
110321186582, 
110321196651, 
110321196717, 
110321206786, 
110321206841, 
110321216930, 
110321217012, 
110321227083, 
110321227153, 
110321237219, 
110321237273, 
110321247368, 
110321247427, 
110321257494, 
110321257555, 
110321267626, 
110321267691, 
110321277758, 
110321277823, 
110321287889, 
110321287995, 
110321298064, 
110321298123, 
110321308192, 
110321308255, 
110321318372, 
110321318439, 
110321328508, 
110321328571, 
110321338735, 
110321338988, 
110321349057, 
110321349114, 
110321359181, 
110321359236, 
110321369307, 
110321369376, 
110321379445, 
110321379513, 
110321389581, 
110321389640, 
110321399709, 
110321399772, 
110321409889, 
110321410314, 
110321420385, 
110321420448, 
110321430517, 
110321430613, 
110321440687, 
110321440837, 
110321450906, 
110321450972, 
110321461055, 
110321461126, 
110321471194, 
110321471279, 
110321481350, 
110321481430, 
110321491498, 
110321491562, 
110321501629, 
110321501714, 
110321511796, 
110321511866, 
110321521932, 
110321521996, 
110321532091, 
110321532205, 
110321542274, 
110321542336, 
110321552418, 
110321552474, 
110321562566, 
110321562638, 
110321572705, 
110321572759, 
110321582826, 
110321582895, 
110321592961, 
110321593019, 
110321603175, 
110321603280, 
110321613349, 
110321613409, 
110321623475, 
110321623535, 
110321633603, 
110321633677, 
110321643783, 
110321643844, 
110321653910, 
110321653969, 
110321664035, 
110321664089, 
110321674154, 
110321674321, 
110321684451, 
110321684527, 
110321694592, 
110321694652, 
110321704835, 
110321704895, 
110321714978, 
110321715106, 
110321725945, 
110321726093, 
110321736181, 
110321736307, 
110321746460, 
110321746603, 
110321756681, 
110321756795, 
110321766880, 
110321766998, 
110321777225, 
110321778013, 
110321788225, 
110321788346, 
110321798485, 
110321798796, 
110321808872, 
110321808968, 
110321819058, 
110321819173, 
110321829276, 
110321829512, 
110321839914, 
110321840138, 
110321850236, 
110321850901, 
110321861046, 
110321861194, 
110321871306, 
110321871535, 
110321881616, 
110321881727, 
110321891811, 
110321891937, 
110321902023, 
110321902142, 
110321912225, 
110321912327, 
110321922436, 
110321923754, 
110321933864, 
110321933997, 
110321944074, 
110321944171, 
110321954300, 
110321954423, 
110321964506, 
110321964617, 
110321974729, 
110321974838, 
110321985006, 
110321985261, 
110321995382, 
110321995793, 
110322005875, 
110322006102, 
110322016214, 
110322016337, 
110322026615, 
110322026768, 
110322036846, 
110322036964, 
110322047252, 
110322047398, 
110322057478, 
110322057586, 
110322067977, 
110322068113, 
110322078193, 
110322078304, 
110322088570, 
110322088743, 
110322098824, 
110322099373, 
110322109022, 
110322109528, 
110322119624, 
110322119761, 
110322129860, 
110322129978, 
110322140118, 
110322140276, 
110322150368, 
110322150480, 
110322160566, 
110322160677, 
110322170764, 
110322170866, 
110322180951, 
110322181057, 
110322191147, 
110322191264, 
110322201346, 
110322201470, 
110322211718, 
110322211887, 
110322221973, 
110322222102, 
110322232188, 
110322232327, 
110322242402, 
110322242518, 
110322252597, 
110322252708, 
110322262796, 
110322262923, 
110322273003, 
110322273104, 
110322283305, 
110322283453, 
110322293540, 
110322293658, 
110322303741, 
110322303881, 
110322313965, 
110322314062, 
110322324145, 
110322324260, 
110322334346, 
110322334458, 
110322344535, 
110322344655, 
110322354792, 
110322354918, 
110322365004, 
110322365114, 
110322375189, 
110322375331, 
110322385382, 
110322385497, 
110322395577, 
110322395685, 
110322405763, 
110322405863, 
110322415940, 
110322416043, 
110322426133, 
110322426287, 
110322436368, 
110322436470, 
110322446557, 
110322446673, 
110322456753, 
110322456873, 
110322466960, 
110322467074, 
110322477197, 
110322477356, 
110322487443, 
110322487557, 
110322498410, 
110322498556, 
110322508640, 
110322508745, 
110322518933, 
110322519067, 
110322529151, 
110322529247, 
110322539330, 
110322539430, 
110322549514, 
110322549622, 
110322559753, 
110322559912, 
110322570024, 
110322570172, 
110322580250, 
110322580394, 
110322590610, 
110322590790, 
110322600870, 
110322601005, 
110322611090, 
110322611528, 
110322621611, 
110322621743, 
110322631828, 
110322631946, 
110322642097, 
110322642267, 
110322652348, 
110322652529, 
110322662989, 
110322663197, 
110322673307, 
110322673418, 
110322683540, 
110322683745, 
110322693829, 
110322693988, 
110322704068, 
110322704705, 
110322714838, 
110322714972, 
110322725049, 
110322725198, 
110322735280, 
110322735474, 
110322745551, 
110322745710, 
110322755840, 
110322756006, 
110322766089, 
110322766197, 
110322776334, 
110322776466, 
110322786545, 
110322786645, 
110322796725, 
110322796821, 
110322806905, 
110322807023, 
110322817104, 
110322817205, 
110322827286, 
110322827392, 
110322837868, 
110322837971, 
110322848805, 
110322849065, 
110322859224, 
110322859351, 
110322869590, 
110322869779, 
110322879880, 
110322880000, 
110322890334, 
110322890505, 
110322900586, 
110322900730, 
110322910809, 
110322910960, 
110322921199, 
110322921355, 
110322931433, 
110322931601, 
110322941819, 
110322942043, 
110322952227, 
110322952331, 
110322963078, 
110322963230, 
110322973272, 
110322973395, 
110322983485, 
110322983614, 
110322993698, 
110322993809, 
110323003897, 
110323004004, 
110323014120, 
110323014243, 
110323024335, 
110323024463, 
110323034641, 
110323034879, 
110323044973, 
110323045083, 
110323055333, 
110323055526, 
110323065617, 
110323065737, 
110323075824, 
110323075926, 
110323086063, 
110323086378, 
110323096375, 
110323096540, 
110323106666, 
110323106788, 
110323116898, 
110323117003, 
110323127170, 
110323127421, 
110323137549, 
110323137772, 
110323147870, 
110323148058, 
110323158177, 
110323158298, 
110323168387, 
110323168517, 
110323178611, 
110323178740, 
110323188830, 
110323188964, 
110323199244, 
110323199437, 
110323209478, 
110323209584, 
110323220128, 
110323220300, 
110323230387, 
110323230626, 
110323240815, 
110323240965, 
110323251385, 
110323251491, 
110323261567, 
110323261671, 
110323271753, 
110323271874, 
110323281951, 
110323282079, 
110323292252, 
110323292395, 
110323302475, 
110323302576, 
110323312664, 
110323312789, 
110323322875, 
110323323077, 
110323333198, 
110323333304, 
110323343581, 
110323343686, 
110323353763, 
110323353858, 
110323364160, 
110323364275, 
110323374349, 
110323374454, 
110323384853, 
110323385008, 
110323395091, 
110323395219, 
110323405332, 
110323405473, 
110323415558, 
110323415683, 
110323425762, 
110323425879, 
110323435960, 
110323436072, 
110323446156, 
110323446274, 
110323456481, 
110323456687, 
110323466773, 
110323466906, 
110323477155, 
110323477289, 
110323487443, 
110323487550, 
110323497629, 
110323497736, 
110323507832, 
110323507953, 
110323518032, 
110323518150, 
110323528230, 
110323528335, 
110323538414, 
110323538526, 
110323548634, 
110323548808, 
110323558892, 
110323559005, 
110323569082, 
110323569183, 
110323579298, 
110323579486, 
110323589637, 
110323589738, 
110323599815, 
110323599912, 
110323609996, 
110323610124, 
110323620382, 
110323620517, 
110323630621, 
110323630777, 
110323640856, 
110323640980, 
110323651075, 
110323651202, 
110323661280, 
110323661383, 
110323671477, 
110323671605, 
110323681689, 
110323681811, 
110323691939, 
110323692119, 
110323702203, 
110323702335, 
110323712412, 
110323712520, 
110323722598, 
110323722703, 
110323732778, 
110323732874, 
110323742954, 
110323743050, 
110323753135, 
110323753247, 
110323763335, 
110323763464, 
110323773543, 
110323773659, 
110323783753, 
110323783839, 
110323793923, 
110323794032, 
110323804112, 
110323804447, 
110323814529, 
110323814636, 
110323824845, 
110323824943, 
110323835074, 
110323835206, 
110323845291, 
110323845438, 
110323855516, 
110323855903, 
110323865979, 
110323866094, 
110323876173, 
110323876283, 
110323886485, 
110323886603, 
110323896691, 
110323896804, 
110323906894, 
110323907032, 
110323917228, 
110323917337, 
110323927600, 
110323927897, 
110323938003, 
110323938124, 
110323948204, 
110323948324, 
110323958406, 
110323958518, 
110323968601, 
110323968719, 
110323978812, 
110323978916, 
110323988992, 
110323989146, 
110323999277, 
110323999409, 
110324009488, 
110324009591, 
110324019668, 
110324019784, 
110324030787, 
110324031427, 
110324041517, 
110324041634, 
110324051716, 
110324051829, 
110324061910, 
110324062005, 
110324072083, 
110324072184, 
110324082435, 
110324082528, 
110324092619, 
110324092752, 
110324102835, 
110324102951, 
110324211277, 
110324211578, 
110324221647, 
110324221722, 
110324231789, 
110324231855, 
110324241923, 
110324241997, 
110324252348, 
110324252441, 
110324262508, 
110324262565, 
110324272630, 
110324272682, 
110324282824, 
110324282893, 
110324292959, 
110324293016, 
110324303085, 
110324303152, 
110324313217, 
110324313270, 
110324323338, 
110324323417, 
110324333483, 
110324333543, 
110324343720, 
110324343773, 
110324353839, 
110324353904, 
110324363968, 
110324364115, 
110324374210, 
110324374280, 
110324384378, 
110324384428, 
110324394506, 
110324394560, 
110324404632, 
110324404703, 
110324414800, 
110324414854, 
110324424924, 
110324424991, 
110324435059, 
110324435126, 
110324445266, 
110324445350, 
110324455419, 
110324455479, 
110324465545, 
110324465601, 
110324475669, 
110324475736, 
110324485801, 
110324485863, 
110324495948, 
110324496013, 
110324506076, 
110324506139, 
110324516282, 
110324516347, 
110324526416, 
110324526481, 
110324536550, 
110324536609, 
110324546679, 
110324546747, 
110324556818, 
110324556879, 
110324566992, 
110324567221, 
110324577295, 
110324577365, 
110324587431, 
110324587494, 
110324597561, 
110324597617, 
110324607683, 
110324607745, 
110324617812, 
110324617875, 
110324627945, 
110324628026, 
110324638134, 
110324638241, 
110324648312, 
110324648371, 
110324658440, 
110324658497, 
110324668568, 
110324668637, 
110324678707, 
110324678763, 
110324688899, 
110324688954, 
110324699027, 
110324699100, 
110324709167, 
110324709229, 
110324719297, 
110324719364, 
110324729431, 
110324729576, 
110324739644, 
110324739710, 
110324749776, 
110324749843, 
110324759955, 
110324760037, 
110324770110, 
110324770169, 
110324780237, 
110324780296, 
110324790367, 
110324790437, 
110324800507, 
110324800565, 
110324810634, 
110324810698, 
110324820782, 
110324821035, 
110324831101, 
110324831263, 
110324841336, 
110324841691, 
110324851475, 
110324851798, 
110324861594, 
110324861928, 
110324871727, 
110324872036, 
110324881869, 
110324882189, 
110324892022, 
110324892307, 
110324902155, 
110324902415, 
110324912341, 
110324912527, 
110324922613, 
110324922720, 
110324932847, 
110324933019, 
110324943109, 
110324943233, 
110324953417, 
110324953911, 
110324964006, 
110324964132, 
110324974295, 
110324974432, 
110324984528, 
110324984648, 
110324994882, 
110324994995, 
110325005081, 
110325005483, 
110325015610, 
110325015713, 
110325025801, 
110325026168, 
110325036263, 
110325036376, 
110325046678, 
110325046812, 
110325056901, 
110325057032, 
110325067249, 
110325067431, 
110325077513, 
110325077665, 
110325087804, 
110325087930, 
110325098013, 
110325098120, 
110325108229, 
110325108460, 
110325118579, 
110325118739, 
110325128856, 
110325128966, 
110325139303, 
110325139482, 
110325149526, 
110325149645, 
110325159725, 
110325159822, 
110325169938, 
110325170044, 
110325180153, 
110325180260, 
110325190370, 
110325190474, 
110325200584, 
110325200682, 
110325211086, 
110325211300, 
110325221426, 
110325221530, 
110325231654, 
110325231781, 
110325241865, 
110325241965, 
110325252078, 
110325252181, 
110325262299, 
110325262415, 
110325272518, 
110325272622, 
110325282774, 
110325282930, 
110325293014, 
110325293193, 
110325303369, 
110325303504, 
110325313587, 
110325313696, 
110325323798, 
110325324060, 
110325334127, 
110325334322, 
110325344449, 
110325344571, 
110325354766, 
110325354870, 
110325364944, 
110325365035, 
110325375169, 
110325375325, 
110325385507, 
110325385620, 
110325395698, 
110325395802, 
110325405876, 
110325405998, 
110325416071, 
110325416159, 
110325426239, 
110325426340, 
110325436414, 
110325436507, 
110325446950, 
110325447074, 
110325457153, 
110325457244, 
110325467316, 
110325467404, 
110325477490, 
110325478663, 
110325487683, 
110325488827, 
110325497942, 
110325499098, 
110325508218, 
110325509254, 
110325518525, 
110325519530, 
110325528731, 
110325529687, 
110325538919, 
110325539913, 
110325549173, 
110325550108, 
110325559380, 
110325560270, 
110325569629, 
110325570422, 
110325579822, 
110325580579, 
110325590063, 
110325590902, 
110325600389, 
110325601054, 
110325610604, 
110325611393, 
110325620932, 
110325621755, 
110325631398, 
110325632279, 
110325641746, 
110325642649, 
110325651970, 
110325652879, 
110325662195, 
110325663087, 
110325672431, 
110325673336, 
110325682867, 
110325683741, 
110325693854, 
110325693961, 
110325704148, 
110325704331, 
110325714501, 
110325714689, 
110325725172, 
110325725515, 
110325735602, 
110325735766, 
110325745845, 
110325745996, 
110325756080, 
110325756240, 
110325766379, 
110325766501, 
110325776627, 
110325776850, 
110325786934, 
110325787094, 
110325797240, 
110325797440, 
110325807522, 
110325807676, 
110325817758, 
110325817933, 
110325828122, 
110325828352, 
110325838427, 
110325838623, 
110325848771, 
110325848916, 
110325858984, 
110325859131, 
110325869176, 
110325869349, 
110325879382, 
110325879481, 
110325889646, 
110325889909, 
110325900000, 
110325900112, 
110325910223, 
110325910348, 
110325920543, 
110325920693, 
110325930778, 
110325930958, 
110325941130, 
110325941323, 
110325951407, 
110325951584, 
110325961798, 
110325962005, 
110325972202, 
110325972446, 
110325982653, 
110325982854, 
110325992971, 
110325993101, 
110326003189, 
110326003315, 
110326013403, 
110326013868, 
110326023945, 
110326024086, 
110326034161, 
110326034297, 
110326044377, 
110326044534, 
110326054955, 
110326055214, 
110326065369, 
110326065797, 
110326075647, 
110326075965, 
110326085838, 
110326086114, 
110326096010, 
110326096250, 
110326106180, 
110326106488, 
110326116492, 
110326116601, 
110326126919, 
110326127027, 
110326137110, 
110326137268, 
110326147482, 
110326147617, 
110326157699, 
110326157798, 
110326167877, 
110326167967, 
110326178050, 
110326178165, 
110326188241, 
110326188353, 
110326198532, 
110326198640, 
110326208724, 
110326208824, 
110326219707, 
110326219838, 
110326229917, 
110326230010, 
110326240117, 
110326240225, 
110326250301, 
110326250388, 
110326260461, 
110326260534, 
110326270611, 
110326270704, 
110326280779, 
110326280865, 
110326291146, 
110326291239, 
110326301314, 
110326301395, 
110326311471, 
110326311575, 
110326321653, 
110326321738, 
110326331812, 
110326331888, 
110326341961, 
110326342047, 
110326352121, 
110326352206, 
110326362336, 
110326362435, 
110326372509, 
110326372581, 
110326382653, 
110326382748, 
110326392823, 
110326392910, 
110326402979, 
110326403150, 
110326413224, 
110326413313, 
110326423391, 
110326423485, 
110326433707, 
110326433836, 
110326443921, 
110326444033, 
110326454111, 
110326454199, 
110326464277, 
110326464385, 
110326474463, 
110326474570, 
110326484748, 
110326484855, 
110326494933, 
110326495043, 
110326505296, 
110326505544, 
110326515623, 
110326515730, 
110326525804, 
110326525902, 
110326535981, 
110326536103, 
110326546182, 
110326546282, 
110326556575, 
110326556774, 
110326566855, 
110326566983, 
110326577200, 
110326577552, 
110326587629, 
110326587821, 
110326597968, 
110326598102, 
110326608186, 
110326608288, 
110326618366, 
110326618454, 
110326628530, 
110326628629, 
110326638706, 
110326638810, 
110326649069, 
110326649241, 
110326659323, 
110326659423, 
110326669513, 
110326669692, 
110326679771, 
110326679862, 
110326690060, 
110326690203, 
110326700282, 
110326700395, 
110326710471, 
110326710578, 
110326720797, 
110326720991, 
110326731068, 
110326731179, 
110326741329, 
110326741477, 
110326751562, 
110326751762, 
110326762014, 
110326762179, 
110326772266, 
110326772398, 
110326782479, 
110326782577, 
110326792656, 
110326792767, 
110326802844, 
110326802957, 
110326813053, 
110326813204, 
110326823315, 
110326823420, 
110326833619, 
110326833802, 
110326843957, 
110326844074, 
110326854158, 
110326854259, 
110326864376, 
110326864486, 
110326874595, 
110326874710, 
110326884931, 
110326885062, 
110326895144, 
110326895267, 
110326905420, 
110326905616, 
110326915704, 
110326915853, 
110326925939, 
110326926075, 
110326936194, 
110326936330, 
110326946615, 
110326946754, 
110326956841, 
110326956970, 
110326967057, 
110326967196, 
110326977322, 
110326977496, 
110326987586, 
110326987713, 
110326997802, 
110326997975, 
110327008211, 
110327008381, 
110327018468, 
110327018609, 
110327028690, 
110327028788, 
110327038866, 
110327038955, 
110327049234, 
110327049325, 
110327059410, 
110327059526, 
110327069913, 
110327070005, 
110327080089, 
110327080191, 
110327090266, 
110327090367, 
110327100449, 
110327100565, 
110327110830, 
110327110919, 
110327121113, 
110327121254, 
110327131343, 
110327131485, 
110327141583, 
110327142157, 
110327152248, 
110327152384, 
110327162754, 
110327162883, 
110327172968, 
110327173085, 
110327183170, 
110327183293, 
110327193375, 
110327193499, 
110327203585, 
110327203702, 
110327213841, 
110327213974, 
110327224060, 
110327224180, 
110327235682, 
110327235846, 
110327246019, 
110327246149, 
110327256380, 
110327256572, 
110327266668, 
110327266787, 
110327276971, 
110327277221, 
110327287445, 
110327287602, 
110327297720, 
110327297836, 
110327307944, 
110327308052, 
110327318156, 
110327318264, 
110327328373, 
110327328474, 
110327338579, 
110327338674, 
110327348949, 
110327349122, 
110327359218, 
110327359314, 
110327369426, 
110327369522, 
110327379643, 
110327379744, 
110327389856, 
110327390000, 
110327400085, 
110327400203, 
110327410297, 
110327410395, 
110327422281, 
110327422474, 
110327432575, 
110327432701, 
110327443014, 
110327443191, 
110327453312, 
110327453488, 
110327463566, 
110327463857, 
110327473948, 
110327474124, 
110327484255, 
110327484395, 
110327494486, 
110327494609, 
110327504700, 
110327504829, 
110327514916, 
110327515036, 
110327525119, 
110327525343, 
110327535348, 
110327535452, 
110327545556, 
110327545669, 
110327555771, 
110327555897, 
110327565981, 
110327566119, 
110327576199, 
110327576298, 
110327586452, 
110327586557, 
110327596632, 
110327596720, 
110327606972, 
110327607161, 
110327617276, 
110327617412, 
110327628095, 
110327628309, 
110327638398, 
110327638573, 
110327648909, 
110327649399, 
110327659484, 
110327659618, 
110327669696, 
110327669813, 
110327679896, 
110327680026, 
110327690105, 
110327690215, 
110327700423, 
110327700553, 
110327710632, 
110327710756, 
110327720845, 
110327720979, 
110327731062, 
110327731182, 
110327741262, 
110327741368, 
110327751458, 
110327751568, 
110327761650, 
110327761962, 
110327771908, 
110327772151, 
110327782101, 
110327782444, 
110327792365, 
110327792760, 
110327802561, 
110327803026, 
110327812766, 
110327813195, 
110327823084, 
110327823390, 
110327833448, 
110327833570, 
110327843658, 
110327843784, 
110327853874, 
110327854012, 
110327864151, 
110327864364, 
110327874735, 
110327874841, 
110327884947, 
110327885134, 
110327895222, 
110327895426, 
110327905547, 
110327905655, 
110327915776, 
110327915896, 
110327926002, 
110327926109, 
110327936281, 
110327936420, 
110327946500, 
110327946651, 
110327956959, 
110327957110, 
110327967192, 
110327967385, 
110327977485, 
110327977608, 
110327987697, 
110327987808, 
110327997915, 
110327998024, 
110328008171, 
110328008332, 
110328018416, 
110328018564, 
110328029034, 
110328029216, 
110328039307, 
110328039411, 
110328050004, 
110328050605, 
110328060693, 
110328060784, 
110328071060, 
110328071183, 
110328081259, 
110328081366, 
110328091440, 
110328091531, 
110328101606, 
110328101706, 
110328111792, 
110328111883, 
110328122034, 
110328122143, 
110328132222, 
110328132325, 
110328142584, 
110328142705, 
110328152790, 
110328152898, 
110328162978, 
110328163126, 
110328173205, 
110328173315, 
110328183402, 
110328183514, 
110328195357, 
110328195470, 
110328205550, 
110328205657, 
110328215731, 
110328215833, 
110328225908, 
110328226016, 
110328236243, 
110328236407, 
110328246499, 
110328246635, 
110328256724, 
110328258402, 
110328268443, 
110328268541, 
110328278774, 
110328278941, 
110328289205, 
110328289379, 
110328299785, 
110328299971, 
110328310114, 
110328310229, 
110328320313, 
110328320415, 
110328330531, 
110328330639, 
110328340756, 
110328340856, 
110328351098, 
110328351242, 
110328361321, 
110328361460, 
110328371591, 
110328371721, 
110328381812, 
110328381925, 
110328392032, 
110328392138, 
110328402267, 
110328402868, 
110328412461, 
110328413015, 
110328422886, 
110328423284, 
110328433128, 
110328433447, 
110328443454, 
110328443663, 
110328453756, 
110328453880, 
110328464250, 
110328464407, 
110328474487, 
110328474606, 
110328484685, 
110328484810, 
110328494889, 
110328495000, 
110328505082, 
110328505207, 
110328515296, 
110328515537, 
110328525625, 
110328525732, 
110328535834, 
110328535959, 
110328546046, 
110328546148, 
110328556229, 
110328556345, 
110328566426, 
110328566538, 
110328576614, 
110328576731, 
110328586808, 
110328586919, 
110328596994, 
110328597084, 
110328607413, 
110328607552, 
110328617641, 
110328617771, 
110328627847, 
110328628012, 
110328638089, 
110328638198, 
110328648275, 
110328648370, 
110328658455, 
110328658564, 
110328668650, 
110328668769, 
110328678873, 
110328678994, 
110328689078, 
110328689352, 
110328699637, 
110328699740, 
110328709822, 
110328709950, 
110328720030, 
110328720154, 
110328730233, 
110328730352, 
110328740479, 
110328740591, 
110328751284, 
110328752067, 
110328762146, 
110328762255, 
110328772340, 
110328772485, 
110328782570, 
110328782683, 
110328792766, 
110328792899, 
110328802987, 
110328803087, 
110328813170, 
110328813283, 
110328823572, 
110328823771, 
110328833846, 
110328833965, 
110328844042, 
110328844153, 
110328854222, 
110328854305, 
110328864393, 
110328864556, 
110328874626, 
110328874713, 
110328884796, 
110328884889, 
110328894963, 
110328895064, 
110328905141, 
110328905356, 
110328915554, 
110328915671, 
110328925753, 
110328925863, 
110328935993, 
110328936125, 
110328946407, 
110328946527, 
110328956604, 
110328956707, 
110328966778, 
110328966896, 
110328976977, 
110328977083, 
110328987258, 
110328987483, 
110328997633, 
110328997761, 
110329007965, 
110329008120, 
110329018214, 
110329018340, 
110329028491, 
110329028581, 
110329038684, 
110329038796, 
110329048884, 
110329048976, 
110329059251, 
110329059395, 
110329069467, 
110329069564, 
110329079808, 
110329079949, 
110329090027, 
110329091080, 
110329100338, 
110329101243, 
110329110522, 
110329111411, 
110329120782, 
110329121553, 
110329130949, 
110329131702, 
110329141160, 
110329141847, 
110329151458, 
110329152105, 
110329161720, 
110329162279, 
110329172029, 
110329172622, 
110329182717, 
110329182980, 
110329193082, 
110329193428, 
110329203625, 
110329203780, 
110329213856, 
110329214012, 
110329224096, 
110329224268, 
110329234425, 
110329234860, 
110329245075, 
110329245246, 
110329255333, 
110329255502, 
110329265792, 
110329265947, 
110329276108, 
110329276230, 
110329286326, 
110329286535, 
110329296628, 
110329296814, 
110329306934, 
110329307032, 
110329317157, 
110329317268, 
110329327387, 
110329327575, 
110329337617, 
110329337795, 
110329347829, 
110329347934, 
110329358037, 
110329358161, 
110329368247, 
110329368363, 
110329378453, 
110329378570, 
110329388679, 
110329388809, 
110329398893, 
110329399023, 
110329409550, 
110329409835, 
110329419958, 
110329420204, 
110329430328, 
110329430516, 
110329440602, 
110329440732, 
110329451217, 
110329451344, 
110329461427, 
110329461523, 
110329471600, 
110329471704, 
110329481781, 
110329481878, 
110329491951, 
110329492051, 
110329502268, 
110329502397, 
110329512481, 
110329512587, 
110329522758, 
110329522900, 
110329532979, 
110329533073, 
110329543182, 
110329543283, 
110329553360, 
110329553457, 
110329563531, 
110329563616, 
110329573690, 
110329573775, 
110329583850, 
110329583942, 
110329594027, 
110329594130, 
110329604208, 
110329604300, 
110329614371, 
110329614448, 
110329624532, 
110329624636, 
110329634715, 
110329634825, 
110329645293, 
110329645470, 
110329655555, 
110329655657, 
110329665894, 
110329666016, 
110329676099, 
110329676206, 
110329686285, 
110329686393, 
110329696470, 
110329696567, 
110329706644, 
110329706741, 
110329716840, 
110329717699, 
110329727774, 
110329727853, 
110329737933, 
110329738020, 
110329748096, 
110329748171, 
110329758455, 
110329758619, 
110329768700, 
110329768789, 
110329779034, 
110329779215, 
110329789328, 
110329789422, 
110329799556, 
110329799650, 
110329809799, 
110329809899, 
110329819991, 
110329820126, 
110329830228, 
110329830421, 
110329840506, 
110329840670, 
110329850751, 
110329850919, 
110329861090, 
110329861459, 
110329871295, 
110329871670, 
110329881496, 
110329881837, 
110329891703, 
110329892039, 
110329902045, 
110329902441, 
110329912628, 
110329912850, 
110329923357, 
110329923522, 
110329933607, 
110329933727, 
110329943806, 
110329943911, 
110329954139, 
110329954556, 
110329964362, 
110329964967, 
110329974573, 
110329975166, 
110329984796, 
110329985499, 
110329995707, 
110329995928, 
110330006009, 
110330006257, 
110330016347, 
110330016485, 
110330026568, 
110330026666, 
110330036773, 
110330036879, 
110330047012, 
110330047114, 
110330057201, 
110330057301, 
110330067415, 
110330067518, 
110330077738, 
110330077880, 
110330087960, 
110330088129, 
110330098207, 
110330098341, 
110330108419, 
110330108575, 
110330118701, 
110330118823, 
110330128935, 
110330129065, 
110330139151, 
110330139274, 
110330149500, 
110330149680, 
110330160058, 
110330160410, 
110330170490, 
110330170659, 
110330180753, 
110330180932, 
110330191046, 
110330191159, 
110330201264, 
110330201577, 
110330211480, 
110330211923, 
110330221689, 
110330222091, 
110330232014, 
110330232243, 
110330242242, 
110330242393, 
110330252663, 
110330252817, 
110330262974, 
110330263094, 
110330273385, 
110330273585, 
110330283628, 
110330283755, 
110330293870, 
110330294033, 
110330304117, 
110330304283, 
110330314365, 
110330314517, 
110330324703, 
110330325071, 
110330335109, 
110330335237, 
110330345593, 
110330345846, 
110330355946, 
110330356209, 
110330366453, 
110330366612, 
110330376698, 
110330376877, 
110330386992, 
110330387114, 
110330397213, 
110330397333, 
110330407427, 
110330407530, 
110330417855, 
110330417985, 
110330428072, 
110330428190, 
110330438288, 
110330438520, 
110330448607, 
110330448762, 
110330458841, 
110330458993, 
110330469111, 
110330469210, 
110330479328, 
110330479442, 
110330489550, 
110330489650, 
110330499765, 
110330499875, 
110330509998, 
110330510187, 
110330520229, 
110330520343, 
110330530431, 
110330530562, 
110330540642, 
110330540745, 
110330550855, 
110330551062, 
110330561149, 
110330561311, 
110330571394, 
110330571535, 
110330581790, 
110330581999, 
110330592119, 
110330592236, 
110330602353, 
110330602474, 
110330612634, 
110330612790, 
110330622873, 
110330623044, 
110330633256, 
110330633445, 
110330643526, 
110330643681, 
110330653829, 
110330653944, 
110330664055, 
110330664179, 
110330674282, 
110330674480, 
110330684910, 
110330685021, 
110330695637, 
110330696475, 
110330706560, 
110330706684, 
110330716890, 
110330717096, 
110330727199, 
110330727306, 
110330737388, 
110330737491, 
110330747605, 
110330747708, 
110330757823, 
110330757937, 
110330768044, 
110330768147, 
110330778253, 
110330778344, 
110330788581, 
110330788749, 
110330799153, 
110330799243, 
110330809410, 
110330809578, 
110330819742, 
110330819834, 
110330829976, 
110330830098, 
110330840176, 
110330840278, 
110330850386, 
110330850496, 
110330861062, 
110330861213, 
110330871242, 
110330871334, 
110330881472, 
110330881653, 
110330891735, 
110330891877, 
110330901959, 
110330902119, 
110330912198, 
110330912339, 
110330922415, 
110330922546, 
110330932623, 
110330932817, 
110330942933, 
110330943046, 
110330953169, 
110330953360, 
110330963398, 
110330963503, 
110330973587, 
110330973705, 
110330983896, 
110330984040, 
110330994116, 
110330994261, 
110331004349, 
110331004646, 
110331014865, 
110331014974, 
110331025282, 
110331025519, 
110331035616, 
110331035774, 
110331046390, 
110331046585, 
110331056670, 
110331056843, 
110331067120, 
110331067304, 
110331077397, 
110331077526, 
110331087611, 
110331087722, 
110331097835, 
110331097953, 
110331108045, 
110331108172, 
110331118404, 
110331119642, 
110331129726, 
110331129845, 
110331140294, 
110331140385, 
110331150469, 
110331150562, 
110331160894, 
110331161080, 
110331171159, 
110331171257, 
110331181492, 
110331181622, 
110331191706, 
110331191809, 
110331201889, 
110331201993, 
110331212078, 
110331212181, 
110331222267, 
110331222382, 
110331232563, 
110331232657, 
110331242742, 
110331243070, 
110331253065, 
110331253188, 
110331263271, 
110331263388, 
110331273464, 
110331273569, 
110331283802, 
110331283991, 
110331294123, 
110331294222, 
110331304306, 
110331304416, 
110331314501, 
110331314617, 
110331324792, 
110331324921, 
110331335007, 
110331335123, 
110331345409, 
110331345509, 
110331355591, 
110331355709, 
110331365788, 
110331365898, 
110331376035, 
110331376378, 
110331386453, 
110331386565, 
110331396701, 
110331396850, 
110331406931, 
110331407044, 
110331417138, 
110331417256, 
110331427367, 
110331427474, 
110331437549, 
110331437649, 
110331447967, 
110331448164, 
110331458240, 
110331458339, 
110331468481, 
110331468623, 
110331478699, 
110331478796, 
110331489145, 
110331489281, 
110331499363, 
110331499476, 
110331509556, 
110331509801, 
110331519807, 
110331520037, 
110331530116, 
110331530230, 
110331540389, 
110331540500, 
110331550582, 
110331550694, 
110331560836, 
110331560966, 
110331571368, 
110331571479, 
110331581556, 
110331581664, 
110331591748, 
110331591869, 
110331601950, 
110331602075, 
110331612164, 
110331612280, 
110331622362, 
110331622466, 
110331632616, 
110331632839, 
110331642972, 
110331643073, 
110331653186, 
110331653290, 
110331663402, 
110331663515, 
110331673688, 
110331673833, 
110331683912, 
110331684070, 
110331694155, 
110331694322, 
110331705183, 
110331705421, 
110331715706, 
110331715826, 
110331725992, 
110331726152, 
110331736341, 
110331736447, 
110331747054, 
110331747416, 
110331757498, 
110331757643, 
110331767725, 
110331767909, 
110331778176, 
110331778314, 
110331788458, 
110331788566, 
110331798675, 
110331798887, 
110331808969, 
110331809125, 
110331819307, 
110331819430, 
110331829800, 
110331829944, 
110331840073, 
110331840239, 
110331850362, 
110331850477, 
110331860588, 
110331861012, 
110331870806, 
110331871197, 
110331881018, 
110331881350, 
110331891231, 
110331891543, 
110331901453, 
110331901777, 
110331911723, 
110331911898, 
110331921984, 
110331922166, 
110331932403, 
110331932580, 
110331942731, 
110331942857, 
110331952944, 
110331953065, 
110331963262, 
110331963457, 
110331973579, 
110331973689, 
110331983812, 
110331983932, 
110331994046, 
110331994155, 
110332004480, 
110332004697, 
110332014859, 
110332014992, 
110332025083, 
110332025215, 
110332035330, 
110332035518, 
110332045597, 
110332045758, 
110332055842, 
110332056013, 
110332066283, 
110332066438, 
110332076629, 
110332076808, 
110332086887, 
110332087059, 
110332097457, 
110332097645, 
110332107729, 
110332107894, 
110332118058, 
110332118262, 
110332128292, 
110332128403, 
110332138484, 
110332138586, 
110332148913, 
110332149035, 
110332159125, 
110332159528, 
110332169634, 
110332169822, 
110332179950, 
110332180062, 
110332191122, 
110332191314, 
110332201422, 
110332201544, 
110332211668, 
110332211853, 
110332222097, 
110332222260, 
110332232339, 
110332232508, 
110332242595, 
110332242761, 
110332252840, 
110332253008, 
110332263136, 
110332263258, 
110332273350, 
110332273577, 
110332283802, 
110332284097, 
110332294248, 
110332294429, 
110332305483, 
110332306247, 
110332316337, 
110332316507, 
110332326594, 
110332326810, 
110332336979, 
110332337153, 
110332347433, 
110332347712, 
110332357793, 
110332357930, 
110332368004, 
110332368148, 
110332378279, 
110332378436, 
110332388511, 
110332388649, 
110332398798, 
110332399028, 
110332409105, 
110332409253, 
110332419470, 
110332419628, 
110332429669, 
110332429775, 
110332439861, 
110332439979, 
110332450085, 
110332450206, 
110332460291, 
110332460394, 
110332470506, 
110332470615, 
110332480722, 
110332480827, 
110332490977, 
110332491141, 
110332501187, 
110332501299, 
110332511379, 
110332511488, 
110332521599, 
110332521717, 
110332531839, 
110332531946, 
110332542031, 
110332542140, 
110332552251, 
110332552465, 
110332562601, 
110332562955, 
110332573030, 
110332573169, 
110332583564, 
110332583723, 
110332593803, 
110332593964, 
110332604044, 
110332604189, 
110332614269, 
110332614423, 
110332624499, 
110332624636, 
110332634786, 
110332634892, 
110332645004, 
110332645100, 
110332655259, 
110332655463, 
110332665543, 
110332665684, 
110332675762, 
110332675925, 
110332686168, 
110332686304, 
110332696383, 
110332696536, 
110332706619, 
110332706754, 
110332716833, 
110332717138, 
110332727267, 
110332727412, 
110332737490, 
110332737620, 
110332747778, 
110332747889, 
110332757996, 
110332758098, 
110332768216, 
110332768312, 
110332778432, 
110332778525, 
110332788601, 
110332788721, 
110332798879, 
110332798988, 
110332809086, 
110332809378, 
110332819569, 
110332819725, 
110332829815, 
110332830014, 
110332840130, 
110332840217, 
110332850294, 
110332850447, 
110332860563, 
110332860714, 
110332870797, 
110332870907, 
110332881015, 
110332881129, 
110332891308, 
110332891557, 
110332901642, 
110332901756, 
110332911863, 
110332911967, 
110332922082, 
110332922208, 
110332932296, 
110332932400, 
110332942514, 
110332942626, 
110332952732, 
110332952833, 
110332963690,45
110332965738, 
110332976104, 
110332976283, 
110332986466, 
110332986648, 
110332996706, 
110332996920, 
110333007093, 
110333007218, 
110333017500, 
110333017736, 
110333027863, 
110333028156, 
110333038598, 
110333038787, 
110333049080, 
110333049448, 
110333059852, 
110333059998, 
110333070247, 
110333070628, 
110333080705, 
110333080914, 
110333091087, 
110333091253, 
110333101332, 
110333101480, 
110333111555, 
110333111682, 
110333121715, 
110333121778, 
110333131845, 
110333132004, 
110333142073, 
110333142168, 
110333152237, 
110333152332, 
110333162433, 
110333162518, 
110333172588, 
110333172652, 
110333182720, 
110333182805, 
110333192874, 
110333192942, 
110333203012, 
110333203081, 
110333213178, 
110333213281, 
110333223352, 
110333223434, 
110333233476, 
110333233540, 
110333243608, 
110333243695, 
110333253761, 
110333253818, 
110333263946, 
110333264017, 
110333274106, 
110333274164, 
110333284264, 
110333284427, 
110333294494, 
110333294574, 
110333304643, 
110333304708, 
110333314778, 
110333314841, 
110333324996, 
110333325055, 
110333335125, 
110333335213, 
110333345280, 
110333345356, 
110333355542, 
110333355742, 
110333365812, 
110333365906, 
110333375975, 
110333376061, 
110333386106, 
110333386169, 
110333396235, 
110333396316, 
110333406384, 
110333406453, 
110333416523, 
110333416592, 
110333426739, 
110333426815, 
110333436890, 
110333436992, 
110333447059, 
110333447123, 
110333457193, 
110333457260, 
110333467455, 
110333467517, 
110333477717, 
110333477956, 
110333488029, 
110333488089, 
110333498156, 
110333498244, 
110333508284, 
110333508343, 
110333518412, 
110333518493, 
110333528563, 
110333528633, 
110333538849, 
110333538932, 
110333549187, 
110333549375, 
110333559446, 
110333559540, 
110333569609, 
110333569666, 
110333579735, 
110333579823, 
110333589893, 
110333589977, 
110333600023, 
110333600099, 
110333610166, 
110333610243, 
110333620430, 
110333620550, 
110333630641, 
110333630699, 
110333640866, 
110333640926, 
110333650994, 
110333651083, 
110333661154, 
110333661215, 
110333671306, 
110333671369, 
110333681517, 
110333681579, 
110333691654, 
110333691886, 
110333701953, 
110333702018, 
110333712087, 
110333712265, 
110333722331, 
110333722425, 
110333732492, 
110333732552, 
110333742620, 
110333742680, 
110333752856, 
110333752918, 
110333763009, 
110333763213, 
110333773282, 
110333773342, 
110333783409, 
110333783493, 
110333793561, 
110333793633, 
110333803700, 
110333803756, 
110333813824, 
110333813909, 
110333823950, 
110333824020, 
110333834104, 
110333834261, 
110333844390, 
110333844511, 
110333854600, 
110333854715, 
110333865029, 
110333865155, 
110333875246, 
110333875646, 
110333885862, 
110333886062, 
110333896107, 
110333896211, 
110333906507, 
110333906702, 
110333916789, 
110333916960, 
110333927040, 
110333927183, 
110333937436, 
110333937590, 
110333947670, 
110333947830, 
110333957913, 
110333958066, 
110333968188, 
110333968307, 
110333978422, 
110333978657, 
110333988742, 
110333988915, 
110333999255, 
110333999380, 
110334009466, 
110334009584, 
110334019696, 
110334019822, 
110334029911, 
110334030035, 
110334040115, 
110334040216, 
110334050555, 
110334050663, 
110334060746, 
110334060859, 
110334071261, 
110334071518, 
110334081605, 
110334081723, 
110334091806, 
110334091927, 
110334102022, 
110334102127, 
110334112515, 
110334112655, 
110334122731, 
110334122884, 
110334132962, 
110334133119, 
110334143386, 
110334143565, 
110334153647, 
110334153810, 
110334163967, 
110334164167, 
110334174249, 
110334174394, 
110334184474, 
110334184614, 
110334194990, 
110334195108, 
110334205195, 
110334205343, 
110334215425, 
110334215538, 
110334225626, 
110334225747, 
110334235905, 
110334236082, 
110334246165, 
110334246328, 
110334256556, 
110334256784, 
110334267017, 
110334267286, 
110334277213, 
110334277423, 
110334287483, 
110334287589, 
110334297671, 
110334297790, 
110334307871, 
110334307975, 
110334318054, 
110334318153, 
110334329175, 
110334329317, 
110334339402, 
110334339528, 
110334349931, 
110334350071, 
110334360154, 
110334360275, 
110334370355, 
110334370475, 
110334380557, 
110334380695, 
110334390822, 
110334390941, 
110334401018, 
110334401130, 
110334411206, 
110334411321, 
110334421506, 
110334421689, 
110334431772, 
110334431889, 
110334441968, 
110334442074, 
110334452162, 
110334452289, 
110334462380, 
110334462489, 
110334472606, 
110334472760, 
110334482840, 
110334482949, 
110334493080, 
110334493225, 
110334503295, 
110334503393, 
110334513472, 
110334513576, 
110334523791, 
110334523920, 
110334534047, 
110334534206, 
110334544300, 
110334544409, 
110334554487, 
110334554607, 
110334564801, 
110334564944, 
110334575032, 
110334575157, 
110334585232, 
110334585386, 
110334595481, 
110334595667, 
110334605809, 
110334605902, 
110334615979, 
110334616088, 
110334626168, 
110334626307, 
110334636405, 
110334636566, 
110334646722, 
110334646839, 
110334657029, 
110334657157, 
110334667299, 
110334667416, 
110334677516, 
110334677629, 
110334687810, 
110334687938, 
110334698169, 
110334698287, 
110334708409, 
110334708543, 
110334718630, 
110334718742, 
110334728912, 
110334729087, 
110334739162, 
110334739271, 
110334749347, 
110334749488, 
110334759590, 
110334759692, 
110334769769, 
110334769880, 
110334779958, 
110334780324, 
110334790397, 
110334790495, 
110334800609, 
110334800730, 
110334810863, 
110334810956, 
110334821030, 
110334821145, 
110334831226, 
110334831344, 
110334841422, 
110334841662, 
110334851608, 
110334851813, 
110334861932, 
110334862121, 
110334872316, 
110334872491, 
110334882777, 
110334882973, 
110334893171, 
110334893345, 
110334903428, 
110334903595, 
110334913672, 
110334913814, 
110334923893, 
110334924049, 
110334934188, 
110334934312, 
110334944405, 
110334944625, 
110334954710, 
110334954882, 
110334965231, 
110334965470, 
110334975677, 
110334975794, 
110334985912, 
110334986183, 
110334996356, 
110334996521, 
110335006602, 
110335006770, 
110335016852, 
110335017021, 
110335027143, 
110335027268, 
110335037371, 
110335037478, 
110335047583, 
110335047679, 
110335057797, 
110335057994, 
110335068318, 
110335068669, 
110335078748, 
110335078914, 
110335089137, 
110335089998, 
110335099375, 
110335100229, 
110335109603, 
110335110500, 
110335119820, 
110335120647, 
110335130774, 
110335130952, 
110335141032, 
110335141187, 
110335152196, 
110335152318, 
110335162406, 
110335162676, 
110335173046, 
110335173167, 
110335183255, 
110335183369, 
110335193515, 
110335193712, 
110335203796, 
110335203953, 
110335214032, 
110335214186, 
110335224313, 
110335224436, 
110335234577, 
110335234734, 
110335245393, 
110335245574, 
110335255606, 
110335255877, 
110335265909, 
110335266085, 
110335276212, 
110335276326, 
110335286480, 
110335286670, 
110335296754, 
110335296922, 
110335307002, 
110335307384, 
110335317498, 
110335317611, 
110335327709, 
110335327812, 
110335337931, 
110335338041, 
110335348142, 
110335348239, 
110335358370, 
110335358560, 
110335368596, 
110335368773, 
110335378811, 
110335378994, 
110335389021, 
110335389130, 
110335399223, 
110335399350, 
110335409437, 
110335409549, 
110335419901, 
110335420053, 
110335430466, 
110335430615, 
110335440694, 
110335440790, 
110335450974, 
110335451450, 
110335461532, 
110335461625, 
110335471742, 
110335471843, 
110335481964, 
110335482059, 
110335492173, 
110335492270, 
110335502395, 
110335502490, 
110335512693, 
110335512860, 
110335522973, 
110335523145, 
110335533259, 
110335533369, 
110335543475, 
110335543596, 
110335553686, 
110335553799, 
110335563902, 
110335564004, 
110335574259, 
110335574426, 
110335584537, 
110335584639, 
110335594866, 
110335595056, 
110335605173, 
110335605292, 
110335616256, 
110335616491, 
110335626718, 
110335626894, 
110335637056, 
110335637257, 
110335647342, 
110335647507, 
110335657586, 
110335657747, 
110335667825, 
110335667978, 
110335678098, 
110335678206, 
110335688339, 
110335688862, 
110335698946, 
110335699158, 
110335709379, 
110335709644, 
110335719832, 
110335720063, 
110335730840, 
110335731049, 
110335741133, 
110335741288, 
110335751487, 
110335751746, 
110335761938, 
110335762111, 
110335772218, 
110335772380, 
110335782508, 
110335782637, 
110335792741, 
110335792876, 
110335802966, 
110335803089, 
110335813173, 
110335813301, 
110335823482, 
110335823677, 
110335833801, 
110335833911, 
110335844058, 
110335844230, 
110335854312, 
110335854455, 
110335864531, 
110335864666, 
110335874746, 
110335874941, 
110335885078, 
110335885167, 
110335895503, 
110335895593, 
110335905800, 
110335906000, 
110335916846, 
110335917013, 
110335927097, 
110335927256, 
110335937693, 
110335937927, 
110335948025, 
110335948130, 
110335958918, 
110335959291, 
110335969370, 
110335969502, 
110335979580, 
110335980322, 
110335990407, 
110335990561, 
110336000641, 
110336000780, 
110336011033, 
110336011190, 
110336021265, 
110336021404, 
110336031605, 
110336031865, 
110336041992, 
110336042110, 
110336052302, 
110336052487, 
110336062572, 
110336062847, 
110336073000, 
110336073407, 
110336083490, 
110336083600, 
110336093701, 
110336093811, 
110336103917, 
110336104033, 
110336114125, 
110336114229, 
110336124377, 
110336124655, 
110336134767, 
110336134878, 
110336145018, 
110336145214, 
110336155331, 
110336155494, 
110336165615, 
110336165742, 
110336175836, 
110336175958, 
110336186043, 
110336186141, 
110336196258, 
110336196359, 
110336206482, 
110336206610, 
110336216882, 
110336217002, 
110336227122, 
110336227347, 
110336237627, 
110336237824, 
110336247988, 
110336248265, 
110336258381, 
110336258502, 
110336268595, 
110336268715, 
110336278804, 
110336278934, 
110336289023, 
110336289142, 
110336299277, 
110336299440, 
110336309694, 
110336309884, 
110336319970, 
110336320141, 
110336330229, 
110336330412, 
110336340513, 
110336340628, 
110336350725, 
110336350836, 
110336361048, 
110336361263, 
110336371418, 
110336371610, 
110336381690, 
110336381837, 
110336391916, 
110336392072, 
110336402506, 
110336402650, 
110336412732, 
110336412883, 
110336422986, 
110336423132, 
110336433273, 
110336433402, 
110336443532, 
110336443948, 
110336455584, 
110336456276, 
110336466492, 
110336466682, 
110336476827, 
110336477004, 
110336487085, 
110336487250, 
110336497331, 
110336497491, 
110336507573, 
110336507736, 
110336517919, 
110336518115, 
110336528201, 
110336528389, 
110336538474, 
110336538537, 
110336548607, 
110336548769, 
110336558835, 
110336558925, 
110336568993, 
110336569063, 
110336579129, 
110336579187, 
110336589255, 
110336589396, 
110336599463, 
110336599551, 
110336609601, 
110336609691, 
110336619813, 
110336619871, 
110336630009, 
110336630210, 
110336640279, 
110336640351, 
110336650426, 
110336650484, 
110336660551, 
110336660606, 
110336670672, 
110336670727, 
110336681015, 
110336681133, 
110336691206, 
110336691264, 
110336701331, 
110336701389, 
110336711458, 
110336711518, 
110336721584, 
110336721645, 
110336731721, 
110336731782, 
110336741850, 
110336741910, 
110336751979, 
110336752045, 
110336762117, 
110336762185, 
110336772258, 
110336772313, 
110336782383, 
110336782440, 
110336792507, 
110336792564, 
110336802639, 
110336802734, 
110336812803, 
110336812867, 
110336822934, 
110336822996, 
110336833064, 
110336833119, 
110336843186, 
110336843247, 
110336853318, 
110336853387, 
110336863455, 
110336863514, 
110336873584, 
110336873654, 
110336883723, 
110336883788, 
110336893853, 
110336893905, 
110336903971, 
110336904030, 
110336914096, 
110336914152, 
110336924438, 
110336924586, 
110336934658, 
110336934717, 
110336944798, 
110336944855, 
110336954920, 
110336954981, 
110336965043, 
110336965095, 
110336975159, 
110336975218, 
110336985284, 
110336985354, 
110336995827, 
110336995925, 
110337005993, 
110337006052, 
110337016117, 
110337016170, 
110337026236, 
110337026351, 
110337036428, 
110337036486, 
110337046552, 
110337046607, 
110337056670, 
110337056726, 
110337066901, 
110337067001, 
110337077065, 
110337077114, 
110337087178, 
110337087236, 
110337097383, 
110337097448, 
110337107512, 
110337107562, 
110337117627, 
110337117682, 
110337127746, 
110337127794, 
110337137860, 
110337137919, 
110337147983, 
110337148034, 
110337158096, 
110337158147, 
110337168217, 
110337168276, 
110337178339, 
110337178388, 
110337188622, 
110337188714, 
110337198785, 
110337198838, 
110337208908, 
110337208996, 
110337219064, 
110337219297, 
110337229362, 
110337229418, 
110337239618, 
110337239766, 
110337249853, 
110337250007, 
110337260230, 
110337260362, 
110337270448, 
110337270556, 
110337280645, 
110337280765, 
110337290843, 
110337290962, 
110337301037, 
110337301165, 
110337311452, 
110337311567, 
110337321644, 
110337321748, 
110337331902, 
110337332288, 
110337342370, 
110337342477, 
110337352553, 
110337352642, 
110337362721, 
110337362822, 
110337372958, 
110337373047, 
110337383125, 
110337383218, 
110337393298, 
110337393399, 
110337404036, 
110337404178, 
110337414260, 
110337414374, 
110337424464, 
110337424593, 
110337434678, 
110337434808, 
110337444890, 
110337445012, 
110337455091, 
110337455190, 
110337465276, 
110337465438, 
110337475545, 
110337475690, 
110337485778, 
110337485907, 
110337496202, 
110337496351, 
110337506437, 
110337506563, 
110337516656, 
110337516781, 
110337526863, 
110337526981, 
110337537064, 
110337537217, 
110337547377, 
110337547492, 
110337557573, 
110337557677, 
110337567828, 
110337568023, 
110337578249, 
110337578439, 
110337588515, 
110337588673, 
110337598868, 
110337598989, 
110337609080, 
110337609200, 
110337619300, 
110337619407, 
110337629517, 
110337629625, 
110337639744, 
110337639942, 
110337650029, 
110337650196, 
110337660297,-1
110337661418, 
110337671649, 
110337671838, 
110337682320, 
110337682542, 
110337692673, 
110337692970, 
110337703362, 
110337703604, 
110337714096, 
110337714317, 
110337724420, 
110337725413, 
110337735524, 
110337735658, 
110337745877, 
110337746509, 
110337756651, 
110337756829, 
110337766909, 
110337767038, 
110337777310, 
110337777414, 
110337787490, 
110337787872, 
110337797856, 
110337798012, 
110337808085, 
110337808173, 
110337818258, 
110337818381, 
110337828454, 
110337828680, 
110337838755, 
110337838853, 
110337848935, 
110337849049, 
110337859123, 
110337859302, 
110337869440, 
110337869545, 
110337879623, 
110337879730, 
110337889855, 
110337889990, 
110337900071, 
110337900181, 
110337910256, 
110337910384, 
110337920460, 
110337920573, 
110337930649, 
110337930758, 
110337941257, 
110337941776, 
110337951858, 
110337951993, 
110337962103, 
110337962210, 
110337972463, 
110337972580, 
110337982726, 
110337982869, 
110337992952, 
110337993081, 
110338003162, 
110338003289, 
110338013370, 
110338013491, 
110338023569, 
110338023676, 
110338033833, 
110338033983, 
110338044064, 
110338044259, 
110338054405, 
110338054542, 
110338064620, 
110338064736, 
110338074811, 
110338074946, 
110338085025, 
110338085138, 
110338095216, 
110338095348, 
110338105432, 
110338105544, 
110338115623, 
110338115730, 
110338125921, 
110338126062, 
110338136140, 
110338136251, 
110338146327, 
110338146429, 
110338156506, 
110338156614, 
110338166696, 
110338166821, 
110338176910, 
110338177092, 
110338187188, 
110338187314, 
110338197465, 
110338198042, 
110338208122, 
110338208231, 
110338218362, 
110338218502, 
110338228616, 
110338228784, 
110338238863, 
110338238976, 
110338249431, 
110338249534, 
110338259611, 
110338259714, 
110338269976, 
110338270090, 
110338280169, 
110338280347, 
110338290400, 
110338290588, 
110338300671, 
110338300791, 
110338310871, 
110338310997, 
110338321117, 
110338321223, 
110338331299, 
110338331456, 
110338341536, 
110338342056, 
110338352130, 
110338352304, 
110338362333, 
110338362432, 
110338372517, 
110338372620, 
110338382876, 
110338383014, 
110338393097, 
110338393201, 
110338403283, 
110338403395, 
110338413645, 
110338413752, 
110338423828, 
110338423934, 
110338434097, 
110338434295, 
110338444557, 
110338444740, 
110338454833, 
110338454972, 
110338465059, 
110338465198, 
110338475279, 
110338475445, 
110338485525, 
110338485640, 
110338495719, 
110338495829, 
110338505975, 
110338506101, 
110338516186, 
110338516304, 
110338526514, 
110338526650, 
110338536731, 
110338536850, 
110338546927, 
110338547055, 
110338557140, 
110338557277, 
110338567351, 
110338567455, 
110338577533, 
110338577641, 
110338587721, 
110338587916, 
110338598599, 
110338598711, 
110338608796, 
110338608912, 
110338619416, 
110338619553, 
110338629633, 
110338629730, 
110338639826, 
110338639924, 
110338649997, 
110338650083, 
110338660155, 
110338660253, 
110338670476, 
110338670562, 
110338680641, 
110338680737, 
110338690907, 
110338691033, 
110338701107, 
110338701196, 
110338711609, 
110338711714, 
110338721793, 
110338721882, 
110338732086, 
110338732182, 
110338742469, 
110338742574, 
110338752656, 
110338752788, 
110338762872, 
110338762994, 
110338773077, 
110338773190, 
110338783278, 
110338783434, 
110338793520, 
110338793627, 
110338803708, 
110338803819, 
110338813900, 
110338814001, 
110338824081, 
110338824196, 
110338834499, 
110338834612, 
110338844691, 
110338844781, 
110338855400, 
110338855511, 
110338865597, 
110338865709, 
110338875791, 
110338875916, 
110338886002, 
110338886100, 
110338896178, 
110338896281, 
110338906360, 
110338906460, 
110338916539, 
110338916647, 
110338926937, 
110338927065, 
110338937144, 
110338937221, 
110338947296, 
110338947384, 
110338957465, 
110338957567, 
110338967647, 
110338967758, 
110338977839, 
110338977939, 
110338988024, 
110338988121, 
110338998200, 
110338998321, 
110339008405, 
110339008510, 
110339018634, 
110339018727, 
110339028810, 
110339028920, 
110339039001, 
110339039106, 
110339049371, 
110339049487, 
110339059569, 
110339059682, 
110339069825, 
110339069961, 
110339080068, 
110339080170, 
110339090254, 
110339090373, 
110339100575, 
110339100699, 
110339111072, 
110339111175, 
110339121263, 
110339121386, 
110339131464, 
110339131570, 
110339141678, 
110339141782, 
110339151861, 
110339151963, 
110339162082, 
110339162219, 
110339172299, 
110339172393, 
110339182506, 
110339182618, 
110339192698, 
110339192805, 
110339202883, 
110339202998, 
110339213157, 
110339213288, 
110339223374, 
110339223490, 
110339233607, 
110339233728, 
110339243811, 
110339243917, 
110339253999, 
110339254108, 
110339264189, 
110339264300, 
110339274381, 
110339274479, 
110339284707, 
110339284888, 
110339294972, 
110339295092, 
110339305237, 
110339305398, 
110339315892, 
110339315989, 
110339326068, 
110339326167, 
110339336247, 
110339336374, 
110339346452, 
110339346563, 
110339356645, 
110339356769, 
110339367030, 
110339367129, 
110339377377, 
110339377542, 
110339387627, 
110339387869, 
110339398167, 
110339398306, 
110339408388, 
110339408487, 
110339418607, 
110339418710, 
110339428805, 
110339428898, 
110339438977, 
110339439115, 
110339449824, 
110339449931, 
110339460014, 
110339460120, 
110339470214, 
110339470395, 
110339480511, 
110339480631, 
110339490952, 
110339491277, 
110339501362, 
110339501465, 
110339511544, 
110339511638, 
110339521721, 
110339521833, 
110339531917, 
110339532033, 
110339542176, 
110339542292, 
110339552427, 
110339552538, 
110339562664, 
110339562800, 
110339572888, 
110339573015, 
110339583098, 
110339583220, 
110339593371, 
110339593547, 
110339603641, 
110339603815, 
110339614131, 
110339614355, 
110339624438, 
110339624616, 
110339634720, 
110339634923, 
110339645011, 
110339645129, 
110339655382, 
110339655838, 
110339665917, 
110339666026, 
110339676100, 
110339676214, 
110339686299, 
110339686452, 
110339696549, 
110339696702, 
110339707090, 
110339707184, 
110339717267, 
110339717381, 
110339727602, 
110339727728, 
110339737940, 
110339738067, 
110339748150, 
110339748266, 
110339758710, 
110339758808, 
110339768888, 
110339768991, 
110339779069, 
110339779169, 
110339789249, 
110339789351, 
110339799649, 
110339799789, 
110339809869, 
110339809969, 
110339820057, 
110339820195, 
110339830299, 
110339830413, 
110339840487, 
110339840581, 
110339850661, 
110339850748, 
110339860824, 
110339860910, 
110339870988, 
110339871080, 
110339881158, 
110339881254, 
110339892119, 
110339892464, 
110339902543, 
110339902660, 
110339912741, 
110339912853, 
110339922938, 
110339923035, 
110339933109, 
110339933195, 
110339943509, 
110339943623, 
110339953700, 
110339953785, 
110339963910, 
110339964039, 
110339974116, 
110339974207, 
110339984290, 
110339984411, 
110339994492, 
110339994731, 
110340004966, 
110340005045, 
110340015118, 
110340015326, 
110340025295, 
110340025414, 
110340035676, 
110340035833, 
110340045925, 
110340046074, 
110340056234, 
110340056354, 
110340066449, 
110340066571, 
110340076645, 
110340076760, 
110340086835, 
110340086935, 
110340097144, 
110340097250, 
110340107513, 
110340108043, 
110340118122, 
110340118243, 
110340128422, 
110340128553, 
110340138634, 
110340138726, 
110340148904, 
110340149010, 
110340159095, 
110340159176, 
110340169247, 
110340169336, 
110340179408, 
110340179495, 
110340189566, 
110340189644, 
110340199929, 
110340200043, 
110340210266, 
110340210415, 
110340220630, 
110340220746, 
110340230826, 
110340230921, 
110340240994, 
110340241074, 
110340251149, 
110340251240, 
110340261313, 
110340261392, 
110340271521, 
110340271848, 
110340281924, 
110340282020, 
110340292101, 
110340292210, 
110340302284, 
110340302378, 
110340312449, 
110340312535, 
110340322614, 
110340322705, 
110340332776, 
110340332869, 
110340343015, 
110340343124, 
110340353206, 
110340353311, 
110340363394, 
110340363515, 
110340373595, 
110340373686, 
110340383763, 
110340383862, 
110340393984, 
110340394087, 
110340404161, 
110340404265, 
110340414379, 
110340414503, 
110340424578, 
110340424672, 
110340434870, 
110340435005, 
110340445088, 
110340445213, 
110340455339, 
110340455461, 
110340465592, 
110340465696, 
110340475880, 
110340475986, 
110340486265, 
110340486405, 
110340496486, 
110340496586, 
110340506822, 
110340506955, 
110340517049, 
110340517160, 
110340527243, 
110340527373, 
110340537457, 
110340537561, 
110340547643, 
110340547742, 
110340557934, 
110340558111, 
110340568213, 
110340568312, 
110340579389, 
110340580067, 
110340590293, 
110340590448, 
110340600531, 
110340600700, 
110340610810, 
110340610906, 
110340621155, 
110340621477, 
110340631564, 
110340631721, 
110340641804, 
110340641957, 
110340652097, 
110340652410, 
110340662313, 
110340662793, 
110340672541, 
110340673013, 
110340682930, 
110340683226, 
110340693621, 
110340693878, 
110340703995, 
110340704114, 
110340714249, 
110340714835, 
110340724921, 
110340725095, 
110340735380, 
110340735585, 
110340745667, 
110340745812, 
110340755889, 
110340755999, 
110340766098, 
110340766206, 
110340776309, 
110340776407, 
110340786589, 
110340786735, 
110340796818, 
110340796971, 
110340807154, 
110340807277, 
110340817378, 
110340817491, 
110340827593, 
110340827690, 
110340838153, 
110340838530, 
110340848642, 
110340848769, 
110340859132, 
110340859277, 
110340869360, 
110340869541, 
110340879763, 
110340879938, 
110340890019, 
110340890178, 
110340900362, 
110340900613, 
110340910793, 
110340910954, 
110340921040, 
110340921207, 
110340931513, 
110340931672, 
110340941801, 
110340941922, 
110340952015, 
110340952123, 
110340962228, 
110340962334, 
110340972452, 
110340972724, 
110340982797, 
110340982930, 
110340993794, 
110340993981, 
110341004117, 
110341004213, 
110341014558, 
110341014652, 
110341024957, 
110341025067, 
110341035226, 
110341035459, 
110341045631, 
110341045792, 
110341055869, 
110341056038, 
110341066108, 
110341066263, 
110341076344, 
110341076562, 
110341086696, 
110341086897, 
110341096982, 
110341097153, 
110341107342, 
110341107541, 
110341117622, 
110341117766, 
110341127847, 
110341128011, 
110341138135, 
110341138255, 
110341148369, 
110341148485, 
110341158806, 
110341158920, 
110341169005, 
110341169130, 
110341180264, 
110341180428, 
110341190512, 
110341190632, 
110341200744, 
110341200864, 
110341210945, 
110341211048, 
110341221178, 
110341221276, 
110341231355, 
110341231466, 
110341241546, 
110341241661, 
110341251742, 
110341251849, 
110341261924, 
110341262022, 
110341272137, 
110341272317, 
110341282399, 
110341282501, 
110341292578, 
110341292686, 
110341302765, 
110341302873, 
110341312950, 
110341313047, 
110341323233, 
110341323432, 
110341333406, 
110341333527, 
110341343784, 
110341344181, 
110341354268, 
110341354373, 
110341364457, 
110341364586, 
110341374668, 
110341374780, 
110341384863, 
110341384977, 
110341395118, 
110341395233, 
110341405334, 
110341405443, 
110341415587, 
110341415724, 
110341425803, 
110341425909, 
110341436022, 
110341436168, 
110341446253, 
110341446374, 
110341456456, 
110341456564, 
110341466648, 
110341466760, 
110341476844, 
110341476955, 
110341487084, 
110341487221, 
110341497350, 
110341497461, 
110341507542, 
110341507672, 
110341517756, 
110341517874, 
110341527958, 
110341528062, 
110341538146, 
110341538250, 
110341548328, 
110341548428, 
110341558566, 
110341558702, 
110341568783, 
110341569016, 
110341579121, 
110341579368, 
110341589443, 
110341589540, 
110341599622, 
110341599722, 
110341609803, 
110341609977, 
110341620059, 
110341620157, 
110341630281, 
110341630401, 
110341640485, 
110341640602, 
110341650768, 
110341651111, 
110341661198, 
110341661321, 
110341671404, 
110341671514, 
110341681603, 
110341681718, 
110341691811, 
110341691939, 
110341702256, 
110341702488, 
110341712580, 
110341712872, 
110341723083, 
110341723281, 
110341733319, 
110341733494, 
110341743574, 
110341743826, 
110341753990, 
110341754159, 
110341764245, 
110341764425, 
110341774669, 
110341774862, 
110341784981, 
110341785113, 
110341795201, 
110341795428, 
110341805436, 
110341805668, 
110341815893, 
110341816096, 
110341826295, 
110341826533, 
110341836891, 
110341837093, 
110341847174, 
110341847304, 
110341857380, 
110341857511, 
110341868098, 
110341868301, 
110341878375, 
110341878634, 
110341889426, 
110341889589, 
110341899665, 
110341899802, 
110341909877, 
110341910019, 
110341920365, 
110341920495, 
110341930653, 
110341931037, 
110341941118, 
110341941278, 
110341951403, 
110341951596, 
110341961700, 
110341961818, 
110341972462, 
110341972809, 
110341983018, 
110341983293, 
110341993454, 
110341994647, 
110342004724, 
110342005090, 
110342015008, 
110342015288, 
110342025242, 
110342025564, 
110342035467, 
110342035858, 
110342045937, 
110342046079, 
110342056156, 
110342056295, 
110342066549, 
110342066946, 
110342077029, 
110342077198, 
110342087384, 
110342087551, 
110342097632, 
110342097765, 
110342107839, 
110342108179, 
110342118260, 
110342118384, 
110342128459, 
110342128641, 
110342138724, 
110342138890, 
110342148971, 
110342149110, 
110342159255, 
110342159488, 
110342169571, 
110342169733, 
110342179882, 
110342180012, 
110342190101, 
110342190209, 
110342200312, 
110342200414, 
110342210526, 
110342210647, 
110342220745, 
110342220873, 
110342231042, 
110342231363, 
110342241370, 
110342241469, 
110342251605, 
110342251796, 
110342261880, 
110342262041, 
110342272123, 
110342272286, 
110342282434, 
110342282554, 
110342292660, 
110342292760, 
110342302870, 
110342302987, 
110342313086, 
110342313209, 
110342323404, 
110342323578, 
110342333718, 
110342333841, 
110342344213, 
110342344437, 
110342354553, 
110342354961, 
110342364771, 
110342365120, 
110342374983, 
110342375403, 
110342385480, 
110342385631, 
110342395838, 
110342395942, 
110342406038, 
110342406140, 
110342417147, 
110342417471, 
110342427553, 
110342427689, 
110342437776, 
110342438314, 
110342448397, 
110342448561, 
110342459198, 
110342459462, 
110342469574, 
110342469688, 
110342480087, 
110342480222, 
110342490304, 
110342490405, 
110342500485, 
110342500587, 
110342510664, 
110342510755, 
110342520837, 
110342520941, 
110342531031, 
110342531257, 
110342541335, 
110342541424, 
110342551502, 
110342551659, 
110342561735, 
110342561816, 
110342571893, 
110342571977, 
110342582053, 
110342582146, 
110342592226, 
110342592321, 
110342602425, 
110342602545, 
110342612624, 
110342612706, 
110342622813, 
110342622908, 
110342632983, 
110342633065, 
110342643142, 
110342643241, 
110342653319, 
110342653415, 
110342663535, 
110342663636, 
110342673840, 
110342673962, 
110342684043, 
110342684144, 
110342694224, 
110342695190, 
110342705271, 
110342705400, 
110342715481, 
110342715589, 
110342725670, 
110342725793, 
110342735873, 
110342735979, 
110342746063, 
110342746166, 
110342756248, 
110342756362, 
110342766672, 
110342766810, 
110342776894, 
110342776999, 
110342787082, 
110342787184, 
110342797281, 
110342797558, 
110342807463, 
110342807794, 
110342817873, 
110342817986, 
110342828206, 
110342828350, 
110342838446, 
110342838587, 
110342848673, 
110342848795, 
110342859249, 
110342859526, 
110342869610, 
110342869724, 
110342879813, 
110342879912, 
110342890018, 
110342890456, 
110342900533, 
110342900684, 
110342910765, 
110342910914, 
110342920995, 
110342921168, 
110342931368, 
110342931796, 
110342941967, 
110342942138, 
110342952229, 
110342952411, 
110342962582, 
110342962748, 
110342972790, 
110342972970, 
110342983051, 
110342983202, 
110342993285, 
110342993440, 
110343003528, 
110343003677, 
110343013754, 
110343013899, 
110343024496, 
110343024676, 
110343034757, 
110343034896, 
110343044979, 
110343045153, 
110343055237, 
110343055422, 
110343065522, 
110343065620, 
110343075733, 
110343075850, 
110343085949, 
110343086061, 
110343096170, 
110343096281, 
110343106376, 
110343106481, 
110343116850, 
110343117134, 
110343127278, 
110343127895, 
110343137498, 
110343138154, 
110343147967, 
110343148376, 
110343158208, 
110343158568, 
110343168471, 
110343168761, 
110343178702, 
110343178908, 
110343188973, 
110343189183, 
110343199264, 
110343199427, 
110343209898, 
110343210165, 
110343220253, 
110343220409, 
110343230490, 
110343230864, 
110343241015, 
110343241130, 
110343251239, 
110343251351, 
110343261450, 
110343261562, 
110343271663, 
110343271768, 
110343281886, 
110343282071, 
110343292114, 
110343292216, 
110343302394, 
110343302583, 
110343312769, 
110343312928, 
110343323003, 
110343323151, 
110343333231, 
110343333395, 
110343343478, 
110343343633, 
110343353875, 
110343354036, 
110343364119, 
110343364267, 
110343374505, 
110343374768, 
110343384855, 
110343384954, 
110343395271, 
110343395496, 
110343405579, 
110343405925, 
110343416003, 
110343416147, 
110343426227, 
110343426387, 
110343436467, 
110343436622, 
110343447047, 
110343447227, 
110343457371, 
110343457473, 
110343468408, 
110343468530, 
110343478634, 
110343478750, 
110343489147, 
110343489268, 
110343499352, 
110343499474, 
110343509830, 
110343509973, 
110343520092, 
110343520222, 
110343530304, 
110343530413, 
110343540493, 
110343540611, 
110343550817, 
110343550914, 
110343561142, 
110343561251, 
110343571334, 
110343571454, 
110343581677, 
110343581814, 
110343591896, 
110343591992, 
110343602069, 
110343602176, 
110343612255, 
110343612357, 
110343622433, 
110343622534, 
110343632617, 
110343632712, 
110343642842, 
110343642933, 
110343653068, 
110343653195, 
110343663348, 
110343663512, 
110343673585, 
110343673681, 
110343683759, 
110343683864, 
110343693939, 
110343694042, 
110343704251, 
110343704338, 
110343714413, 
110343714507, 
110343724648, 
110343724770, 
110343734852, 
110343735080, 
110343745026, 
110343745232, 
110343755244, 
110343755459, 
110343765548, 
110343765698, 
110343775967, 
110343776085, 
110343786164, 
110343786287, 
110343796439, 
110343796689, 
110343806772, 
110343806894, 
110343817266, 
110343817416, 
110343827501, 
110343827625, 
110343837706, 
110343837815, 
110343848267, 
110343848375, 
110343858451, 
110343858532, 
110343868638, 
110343868763, 
110343878846, 
110343878948, 
110343889031, 
110343889150, 
110343899228, 
110343899330, 
110343909457, 
110343909538, 
110343919612, 
110343919707, 
110343929783, 
110343929893, 
110343940171, 
110343940276, 
110343950353, 
110343950449, 
110343960595, 
110343960728, 
110343970811, 
110343971186, 
110343981262, 
110343981358, 
110343991438, 
110343991549, 
110344001626, 
110344001723, 
110344011804, 
110344011919, 
110344022175, 
110344022330, 
110344032451, 
110344032854, 
110344042974, 
110344043223, 
110344053390, 
110344053597, 
110344063770, 
110344063906, 
110344073990, 
110344074105, 
110344084193, 
110344084321, 
110344094425, 
110344094608, 
110344104699, 
110344104962, 
110344115050, 
110344115181, 
110344125571, 
110344126356, 
110344136483, 
110344136625, 
110344146715, 
110344146821, 
110344156926, 
110344157036, 
110344167136, 
110344167227, 
110344177355, 
110344177466, 
110344187568, 
110344187658, 
110344197791, 
110344197896, 
110344207997, 
110344208093, 
110344218246, 
110344218419, 
110344228501, 
110344228653, 
110344238733, 
110344238879, 
110344248967, 
110344249153, 
110344259285, 
110344259393, 
110344269769, 
110344269944, 
110344280030, 
110344280199, 
110344290445, 
110344290621, 
110344300749, 
110344300861, 
110344311188, 
110344311323, 
110344321411, 
110344321530, 
110344331617, 
110344331721, 
110344341835, 
110344341946, 
110344352050, 
110344352165, 
110344362270, 
110344362366, 
110344372477, 
110344372580, 
110344383313, 
110344383523, 
110344393605, 
110344393747, 
110344403996, 
110344404175, 
110344414365, 
110344414468, 
110344424576, 
110344424681, 
110344434805, 
110344434926, 
110344445010, 
110344445127, 
110344455332, 
110344455536, 
110344465646, 
110344465776, 
110344476117, 
110344476329, 
110344486415, 
110344486569, 
110344496701, 
110344496835, 
110344506919, 
110344507024, 
110344517137, 
110344517243, 
110344527352, 
110344527473, 
110344537561, 
110344537675, 
110344547794, 
110344547914, 
110344557999, 
110344558127, 
110344570249, 
110344570574, 
110344580740, 
110344580908, 
110344590995, 
110344591152, 
110344601237, 
110344601387, 
110344611577, 
110344611755, 
110344621838, 
110344622009, 
110344632089, 
110344632253, 
110344642366, 
110344642478, 
110344652690, 
110344652824, 
110344662904, 
110344663048, 
110344673286, 
110344673417, 
110344683562, 
110344683725, 
110344693951, 
110344694076, 
110344704362, 
110344705558, 
110344715635, 
110344715768, 
110344725862, 
110344726088, 
110344736343, 
110344736443, 
110344746564, 
110344746704, 
110344756790, 
110344756888, 
110344767003, 
110344767108, 
110344777230, 
110344777351, 
110344787434, 
110344787533, 
110344797993, 
110344798173, 
110344808280, 
110344808377, 
110344818498, 
110344818632, 
110344828716, 
110344828834, 
110344838953, 
110344839059, 
110344849144, 
110344849361, 
110344859445, 
110344859589, 
110344869673, 
110344869835, 
110344879918, 
110344880078, 
110344890276, 
110344890521, 
110344900688, 
110344900853, 
110344910933, 
110344911093, 
110344921178, 
110344921351, 
110344931484, 
110344931763, 
110344941923, 
110344942038, 
110344952162, 
110344952246, 
110344962425, 
110344962588, 
110344972737, 
110344972834, 
110344983077, 
110344983244, 
110344993331, 
110344993480, 
110345003590, 
110345003680, 
110345013760, 
110345013900, 
110345024028, 
110345024138, 
110345034245, 
110345034344, 
110345044461, 
110345044567, 
110345054779, 
110345054957, 
110345065105, 
110345065213, 
110345075355, 
110345075864, 
110345085949, 
110345086063, 
110345096165, 
110345096300, 
110345106384, 
110345106495, 
110345116591, 
110345116700, 
110345126846, 
110345127038, 
110345137123, 
110345137283, 
110345147525, 
110345147750, 
110345157858, 
110345157963, 
110345168066, 
110345168160, 
110345178289, 
110345178387, 
110345188508, 
110345188602, 
110345198720, 
110345198824, 
110345208925, 
110345209023, 
110345219143, 
110345219392, 
110345229473, 
110345229609, 
110345239690, 
110345239819, 
110345249898, 
110345250066, 
110345260144, 
110345260345, 
110345270435, 
110345270549, 
110345280653, 
110345280757, 
110345291255, 
110345291472, 
110345301557, 
110345301682, 
110345311814, 
110345312120, 
110345322200, 
110345322317, 
110345332398, 
110345332520, 
110345342605, 
110345342717, 
110345352806, 
110345352922, 
110345363453, 
110345363558, 
110345373645, 
110345373759, 
110345383885, 
110345384020, 
110345394101, 
110345394201, 
110345404282, 
110345404386, 
110345414594, 
110345414716, 
110345424793, 
110345424894, 
110345435061, 
110345435179, 
110345445270, 
110345445403, 
110345455524, 
110345455666, 
110345465925, 
110345466054, 
110345476427, 
110345476617, 
110345486705, 
110345486898, 
110345497031, 
110345497140, 
110345507246, 
110345507342, 
110345517471, 
110345517595, 
110345527696, 
110345527809, 
110345537900, 
110345538017, 
110345548161, 
110345548342, 
110345558424, 
110345558567, 
110345568643, 
110345568781, 
110345578860, 
110345579018, 
110345589095, 
110345589225, 
110345599442, 
110345599550, 
110345609771, 
110345609894, 
110345620179, 
110345620376, 
110345630464, 
110345630579, 
110345640696, 
110345640870, 
110345650908, 
110345651022, 
110345661105, 
110345661202, 
110345671366, 
110345671469, 
110345681551, 
110345681672, 
110345691805, 
110345691988, 
110345702076, 
110345702242, 
110345712406, 
110345712592, 
110345722674, 
110345722838, 
110345732921, 
110345733081, 
110345743167, 
110345743310, 
110345753389, 
110345753534, 
110345763723, 
110345763810, 
110345773940, 
110345774134, 
110345784340, 
110345784510, 
110345794590, 
110345794744, 
110345804818, 
110345804963, 
110345815039, 
110345815172, 
110345825246, 
110345825411, 
110345835483, 
110345835620, 
110345845695, 
110345845927, 
110345856235, 
110345856344, 
110345866461, 
110345866572, 
110345876737, 
110345876947, 
110345887096, 
110345887199, 
110345897299, 
110345897391, 
110345907515, 
110345907620, 
110345917727, 
110345917825, 
110345927961, 
110345928184, 
110345938263, 
110345938387, 
110345948474, 
110345948729, 
110345958819, 
110345958941, 
110345969026, 
110345969146, 
110345979236, 
110345979355, 
110345989467, 
110345989572, 
110345999685, 
110345999797, 
110346009877, 
110346009986, 
110346020133, 
110346020423, 
110346030703, 
110346030882, 
110346041025, 
110346041147, 
110346051290, 
110346051385, 
110346061591, 
110346061687, 
110346071771, 
110346071865, 
110346081944, 
110346082032, 
110346092209, 
110346092341, 
110346102422, 
110346102527, 
110346112603, 
110346112719, 
110346122796, 
110346122896, 
110346133264, 
110346133448, 
110346143951, 
110346144052, 
110346154198, 
110346154298, 
110346164370, 
110346164468, 
110346174538, 
110346174626, 
110346184794, 
110346184910, 
110346194987, 
110346195079, 
110346205156, 
110346205248, 
110346215334, 
110346215436, 
110346225554, 
110346225648, 
110346235758, 
110346235882, 
110346245958, 
110346246035, 
110346256141, 
110346256250, 
110346266326, 
110346266427, 
110346276627, 
110346276709, 
110346286784, 
110346286887, 
110346297066, 
110346297147, 
110346307649, 
110346307742, 
110346317923, 
110346318006, 
110346328106, 
110346328197, 
110346338324, 
110346338403, 
110346348481, 
110346348583, 
110346358659, 
110346358751, 
110346368826, 
110346368908, 
110346379144, 
110346379230, 
110346389303, 
110346389394, 
110346399475, 
110346399604, 
110346409680, 
110346409779, 
110346419850, 
110346419929, 
110346430003, 
110346430096, 
110346440171, 
110346440281, 
110346450361, 
110346450467, 
110346460596, 
110346460688, 
110346470813, 
110346470931, 
110346481007, 
110346481115, 
110346491190, 
110346491290, 
110346501367, 
110346501460, 
110346511542, 
110346511640, 
110346521843, 
110346521991, 
110346532069, 
110346532210, 
110346542452, 
110346542698, 
110346552856, 
110346553045, 
110346563130, 
110346563333, 
110346573438, 
110346573555, 
110346583649, 
110346583773, 
110346593864, 
110346593978, 
110346604089, 
110346604198, 
110346614384, 
110346614529, 
110346624620, 
110346624746, 
110346634894, 
110346635042, 
110346645278, 
110346645402, 
110346655479, 
110346655587, 
110346665665, 
110346665770, 
110346675851, 
110346675952, 
110346686135, 
110346686268, 
110346696346, 
110346696446, 
110346706574, 
110346706713, 
110346716801, 
110346716918, 
110346727003, 
110346727098, 
110346737194, 
110346737301, 
110346747379, 
110346747492, 
110346757575, 
110346757724, 
110346767870, 
110346767966, 
110346778111, 
110346778352, 
110346788435, 
110346788541, 
110346798749, 
110346798864, 
110346809076, 
110346809195, 
110346819277, 
110346819372, 
110346829503, 
110346829602, 
110346839684, 
110346839787, 
110346849919, 
110346851528, 
110346861601, 
110346861707, 
110346872244, 
110346872357, 
110346882441, 
110346882535, 
110346892660, 
110346892790, 
110346902871, 
110346902966, 
110346913111, 
110346913214, 
110346923296, 
110346923394, 
110346933497, 
110346933608, 
110346943708, 
110346944027, 
110346954105, 
110346954191, 
110346964357, 
110346964475, 
110346974553, 
110346974634, 
110346984772, 
110346984869, 
110346994945, 
110346995040, 
110347005115, 
110347005193, 
110347133505, 
110347133692, 
110347143870, 
110347143995, 
110347154134, 
110347154297, 
110347164369, 
110347164436, 
110347174504, 
110347174565, 
110347184635, 
110347184698, 
110347194767, 
110347194826, 
110347204919, 
110347204991, 
110347215058, 
110347215117, 
110347225185, 
110347225251, 
110347235326, 
110347235397, 
110347245465, 
110347245525, 
110347255596, 
110347255663, 
110347265732, 
110347265792, 
110347275960, 
110347276046, 
110347286125, 
110347286185, 
110347296254, 
110347296317, 
110347306384, 
110347306444, 
110347316513, 
110347316577, 
110347326647, 
110347326716, 
110347336783, 
110347336841, 
110347347010, 
110347347114, 
110347357181, 
110347357252, 
110347367319, 
110347367388, 
110347377458, 
110347377520, 
110347387628, 
110347387690, 
110347397783, 
110347397848, 
110347407918, 
110347407985, 
110347418051, 
110347418115, 
110347428183, 
110347428250, 
110347438317, 
110347438376, 
110347448538, 
110347448606, 
110347458672, 
110347458733, 
110347468954, 
110347469154, 
110347479221, 
110347479304, 
110347489371, 
110347489431, 
110347499496, 
110347499557, 
110347509624, 
110347509686, 
110347519753, 
110347519821, 
110347529892, 
110347529951, 
110347540023, 
110347540106, 
110347550174, 
110347550230, 
110347560294, 
110347560398, 
110347570463, 
110347570527, 
110347580592, 
110347580650, 
110347590791, 
110347590900, 
110347601004, 
110347601059, 
110347611122, 
110347611175, 
110347621239, 
110347621290, 
110347631359, 
110347631433, 
110347641501, 
110347641559, 
110347651706, 
110347651763, 
110347661857, 
110347661936, 
110347672002, 
110347672059, 
110347682123, 
110347682177, 
110347692267, 
110347692333, 
110347702397, 
110347702448, 
110347712514, 
110347712572, 
110347722639, 
110347722689, 
110347732796, 
110347732856, 
110347742921, 
110347742974, 
110347753038, 
110347753090, 
110347763155, 
110347763211, 
110347773276, 
110347773326, 
110347783753, 
110347784056, 
110347794122, 
110347794174, 
110347804238, 
110347804288, 
110347814352, 
110347814402, 
110347824468, 
110347824522, 
110347834586, 
110347834644, 
110347844711,22.5
110347844853, 
110347854985, 
110347855133, 
110347865229, 
110347865420, 
110347875514, 
110347875689, 
110347885778, 
110347885898, 
110347896001, 
110347896205, 
110347906309, 
110347906492, 
110347916589, 
110347916734, 
110347926816, 
110347926984, 
110347937081, 
110347937281, 
110347948403, 
110347949023, 
110347959143, 
110347959356, 
110347969420, 
110347969480, 
110347979550, 
110347979633, 
110347989695, 
110347989754, 
110347999821, 
110347999888, 
110348009963, 
110348010339, 
110348020405, 
110348020464, 
110348030566, 
110348030639, 
110348040707, 
110348040922, 
110348051107, 
110348051178, 
110348061246, 
110348061307, 
110348071356, 
110348071415, 
110348081511, 
110348081579, 
110348091641, 
110348091801, 
110348101916, 
110348101975, 
110348112039, 
110348112100, 
110348122164, 
110348122218, 
110348132287, 
110348132583, 
110348142646, 
110348142693, 
110348152838, 
110348152968, 
110348163035, 
110348163094, 
110348173204, 
110348173256, 
110348183322, 
110348183382, 
110348193453, 
110348193502, 
110348203575, 
110348203639, 
110348213701, 
110348213757, 
110348224091, 
110348224168, 
110348234235, 
110348234293, 
110348244418, 
110348244468, 
110348254586, 
110348254650, 
110348264716, 
110348264820, 
110348274887, 
110348274949, 
110348285014, 
110348285062, 
110348295126, 
110348295180, 
110348305244, 
110348305298, 
110348315374, 
110348315442, 
110348325513, 
110348325603, 
110348335669, 
110348335730, 
110348345859, 
110348345946, 
110348356050, 
110348356130, 
110348366199, 
110348366287, 
110348376358, 
110348376462, 
110348386528, 
110348386590, 
110348396685, 
110348396761, 
110348406827, 
110348406910, 
110348417017, 
110348417126, 
110348427205, 
110348427282, 
110348437426, 
110348437490, 
110348447562, 
110348447625, 
110348457692, 
110348457772, 
110348467818, 
110348467887, 
110348477955, 
110348478042, 
110348488109, 
110348488164, 
110348498240, 
110348498317, 
110348508385, 
110348508482, 
110348518549, 
110348518610, 
110348528684, 
110348528743, 
110348538863, 
110348539008, 
110348549077, 
110348549164, 
110348559231, 
110348559290, 
110348569448, 
110348569520, 
110348579585, 
110348579642, 
110348589709, 
110348589776, 
110348599852, 
110348599909, 
110348610010, 
110348610094, 
110348620169, 
110348620379, 
110348630306, 
110348630541, 
110348640436, 
110348640743, 
110348650570, 
110348650853, 
110348660716, 
110348661031, 
110348670961, 
110348671229, 
110348681163, 
110348681389, 
110348691365, 
110348691503, 
110348701599, 
110348701709, 
110348711961, 
110348712091, 
110348722312, 
110348722425, 
110348732580, 
110348732721, 
110348743139, 
110348743259, 
110348753445, 
110348753600, 
110348763762, 
110348763906, 
110348774044, 
110348774149, 
110348784230, 
110348784338, 
110348794415, 
110348794520, 
110348804611, 
110348804718, 
110348814804, 
110348814922, 
110348825533, 
110348826439, 
110348836520, 
110348836688, 
110348846782, 
110348847071, 
110348857124, 
110348857586, 
110348867726, 
110348867923, 
110348878009, 
110348878392, 
110348888254, 
110348888587, 
110348898521, 
110348898740, 
110348908734, 
110348908871, 
110348919040, 
110348919198, 
110348929276, 
110348929425, 
110348939709, 
110348939879, 
110348950024, 
110348950123, 
110348960239, 
110348960375, 
110348970460, 
110348970570, 
110348980681, 
110348980805, 
110348990891, 
110348990994, 
110349001102, 
110349001201, 
110349011599, 
110349011953, 
110349022038, 
110349022199, 
110349032413, 
110349032589, 
110349042672, 
110349042869, 
110349052982, 
110349053083, 
110349063279, 
110349063521, 
110349073687, 
110349073868, 
110349083948, 
110349084089, 
110349094340, 
110349094487, 
110349104696, 
110349104806, 
110349114911, 
110349115012, 
110349125406, 
110349125584, 
110349135668, 
110349135874, 
110349145968, 
110349146066, 
110349156182, 
110349156296, 
110349166401, 
110349166494, 
110349176615, 
110349176715, 
110349186827, 
110349186914, 
110349197163, 
110349197392, 
110349207524, 
110349207684, 
110349218109, 
110349218206, 
110349228312, 
110349228426, 
110349238560, 
110349238652, 
110349248755, 
110349248863, 
110349258971, 
110349259090, 
110349269287, 
110349269451, 
110349279530, 
110349279697, 
110349289896, 
110349290073, 
110349300158, 
110349300312, 
110349310390, 
110349310545, 
110349320772, 
110349320991, 
110349331158, 
110349331414, 
110349341398, 
110349341625, 
110349351627, 
110349351769, 
110349361895, 
110349362066, 
110349372169, 
110349372259, 
110349382376, 
110349382478, 
110349392552, 
110349392679, 
110349402754, 
110349402880, 
110349412959, 
110349413099, 
110349423175, 
110349423315, 
110349433465, 
110349433586, 
110349443693, 
110349443782, 
110349453916, 
110349454030, 
110349464118, 
110349464232, 
110349474341, 
110349474441, 
110349484554, 
110349484660, 
110349494768, 
110349494868, 
110349505178, 
110349505386, 
110349515467, 
110349515626, 
110349525833, 
110349526021, 
110349536063, 
110349536183, 
110349546260, 
110349546366, 
110349556476, 
110349556682, 
110349566761, 
110349566917, 
110349577142, 
110349577252, 
110349587332, 
110349587428, 
110349597555, 
110349597685, 
110349607770, 
110349607886, 
110349617972, 
110349618095, 
110349628209, 
110349628542, 
110349638413, 
110349638919, 
110349648628, 
110349649111, 
110349658855, 
110349659260, 
110349669252, 
110349669391, 
110349679478, 
110349679588, 
110349689955, 
110349690117, 
110349700196, 
110349700346, 
110349710428, 
110349710604, 
110349720686, 
110349720841, 
110349730960, 
110349731078, 
110349741224, 
110349741381, 
110349751418, 
110349751534, 
110349761656, 
110349761828, 
110349771939, 
110349772071, 
110349782152, 
110349782304, 
110349792381, 
110349792522, 
110349802601, 
110349802766, 
110349812962, 
110349813162, 
110349823242, 
110349823455, 
110349833606, 
110349833737, 
110349843820, 
110349843911, 
110349853993, 
110349854101, 
110349864184, 
110349864293, 
110349874623, 
110349874781, 
110349885049, 
110349885171, 
110349895250, 
110349895392, 
110349905681, 
110349905866, 
110349915947, 
110349916048, 
110349926164, 
110349926284, 
110349936365, 
110349936458, 
110349946540, 
110349946637, 
110349956719, 
110349956822, 
110349966901, 
110349967009, 
110349977197, 
110349977389, 
110349987469, 
110349987648, 
110349997667, 
110349997875, 
110350007954, 
110350008058, 
110350018138, 
110350018250, 
110350028330, 
110350028439, 
110350038517, 
110350038627, 
110350048865, 
110350048976, 
110350059123, 
110350059242, 
110350069464, 
110350069656, 
110350079743, 
110350079872, 
110350090001, 
110350090400, 
110350100242, 
110350100594, 
110350110495, 
110350110789, 
110350120856, 
110350121035, 
110350131125, 
110350131316, 
110350141526, 
110350141989, 
110350152076, 
110350152206, 
110350162329, 
110350162519, 
110350172600, 
110350172767, 
110350182847, 
110350183028, 
110350193254, 
110350193610, 
110350203468, 
110350203761, 
110350213984, 
110350214104, 
110350224189, 
110350224311, 
110350234518, 
110350234697, 
110350244951, 
110350245115, 
110350255652, 
110350255914, 
110350266001, 
110350266221, 
110350276339, 
110350276526, 
110350286608, 
110350286754, 
110350296921, 
110350297034, 
110350307143, 
110350307252, 
110350317360, 
110350317466, 
110350327617, 
110350327790, 
110350337921, 
110350338076, 
110350348339, 
110350348518, 
110350358627, 
110350358736, 
110350368844, 
110350369379, 
110350379519, 
110350379667, 
110350389751, 
110350389924, 
110350400004, 
110350400148, 
110350410226, 
110350410372, 
110350420456, 
110350420643, 
110350430750, 
110350430850, 
110350441171, 
110350441306, 
110350451391, 
110350451496, 
110350461597, 
110350461693, 
110350471811, 
110350471928, 
110350482040, 
110350482131, 
110350492245, 
110350492353, 
110350502455, 
110350502553, 
110350512730, 
110350512896, 
110350522976, 
110350523106, 
110350533183, 
110350533319, 
110350543396, 
110350543542, 
110350553600, 
110350553758, 
110350564185, 
110350564288, 
110350574433, 
110350574574, 
110350584732, 
110350584904, 
110350595028, 
110350595131, 
110350605350, 
110350605539, 
110350615659, 
110350615760, 
110350625870, 
110350625982, 
110350636093, 
110350636214, 
110350646301, 
110350646403, 
110350656516, 
110350656635, 
110350666735, 
110350666832, 
110350677014, 
110350677222, 
110350687900, 
110350688119, 
110350698348, 
110350698580, 
110350710125, 
110350710318, 
110350720493, 
110350720689, 
110350730787, 
110350731024, 
110350741168, 
110350741580, 
110350752258, 
110350752601, 
110350763286, 
110350763440, 
110350773509, 
110350773600, 
110350783697, 
110350783887, 
110350794047, 
110350794205, 
110350804280, 
110350804456, 
110350814527, 
110350814587, 
110350824661, 
110350824760, 
110350835024, 
110350835118, 
110350845199, 
110350845390, 
110350855866, 
110350856254, 
110350866311, 
110350866580, 
110350876432, 
110350876726, 
110350886606, 
110350886840, 
110350896782, 
110350896950, 
110350906905, 
110350907052, 
110350917042, 
110350917106, 
110350927265, 
110350927483, 
110350937556, 
110350937729, 
110350947792, 
110350947856, 
110350957922, 
110350957975, 
110350968044, 
110350968154, 
110350978221, 
110350978291, 
110350988355, 
110350988414, 
110350998529, 
110350999026, 
110351009095, 
110351009174, 
110351019238, 
110351019292, 
110351029357, 
110351029414, 
110351039496, 
110351039558, 
110351049628, 
110351049700, 
110351059768, 
110351059850, 
110351070237, 
110351070321, 
110351080393, 
110351080476, 
110351090545, 
110351090604, 
110351100672, 
110351100735, 
110351110842, 
110351110906, 
110351120976, 
110351121037, 
110351131129, 
110351131194, 
110351141263, 
110351141348, 
110351151419, 
110351151489, 
110351161608, 
110351161673, 
110351171741, 
110351171836, 
110351181905, 
110351181992, 
110351192164, 
110351192318, 
110351202387, 
110351202470, 
110351212538, 
110351212602, 
110351222671, 
110351222734, 
110351232802, 
110351232888, 
110351242960, 
110351243103, 
110351253171, 
110351253231, 
110351263378, 
110351263631, 
110351273699, 
110351273780, 
110351283849, 
110351283985, 
110351294054, 
110351294185, 
110351304252, 
110351304311, 
110351314406, 
110351314473, 
110351324540, 
110351324623, 
110351334742, 
110351334952, 
110351345041, 
110351345108, 
110351355213, 
110351355298, 
110351365370, 
110351365438, 
110351375506, 
110351375571, 
110351385640, 
110351385730, 
110351395797, 
110351395857, 
110351405930, 
110351406008, 
110351416082, 
110351416177, 
110351426244, 
110351426302, 
110351436401, 
110351436458, 
110351446525, 
110351446657, 
110351456809, 
110351456876, 
110351466958, 
110351467122, 
110351477209, 
110351477361, 
110351487488, 
110351487613, 
110351497702, 
110351497824, 
110351508198, 
110351508350, 
110351518433, 
110351518583, 
110351529259, 
110351529475, 
110351539590, 
110351539721, 
110351550047, 
110351550238, 
110351560322, 
110351560487, 
110351570571, 
110351570745, 
110351580851, 
110351580953, 
110351591071, 
110351591166, 
110351601277, 
110351601404, 
110351611495, 
110351611601, 
110351621746, 
110351621917, 
110351632005, 
110351632170, 
110351642354, 
110351642476, 
110351652565, 
110351653047, 
110351662788, 
110351663198, 
110351673005, 
110351673399, 
110351683219, 
110351683557, 
110351693557, 
110351693836, 
110351703881, 
110351704067, 
110351714210, 
110351714901, 
110351725037, 
110351725204, 
110351735355, 
110351735564, 
110351745650, 
110351745808, 
110351756192, 
110351756622, 
110351766708, 
110351766867, 
110351777247, 
110351777342, 
110351787426, 
110351787540, 
110351797631, 
110351797935, 
110351808394, 
110351808538, 
110351818680, 
110351818786, 
110351829013, 
110351829783, 
110351839741, 
110351840004, 
110351850017, 
110351850292, 
110351860418, 
110351860568, 
110351870667, 
110351871052, 
110351881132, 
110351881265, 
110351891342, 
110351891481, 
110351901558, 
110351901699, 
110351911779, 
110351911914, 
110351921999, 
110351922150, 
110351932293, 
110351932428, 
110351942556, 
110351942777, 
110351952865, 
110351953027, 
110351963145, 
110351963260, 
110351973418, 
110351973596, 
110351983720, 
110351983886, 
110351994001, 
110351994205, 
110352004287, 
110352004455, 
110352014850, 
110352015057, 
110352025146, 
110352025349, 
110352035474, 
110352035619, 
110352045707, 
110352045843, 
110352055927, 
110352056056, 
110352066139, 
110352066244, 
110352076324, 
110352076439, 
110352086568, 
110352086696, 
110352096774, 
110352096876, 
110352106967, 
110352107099, 
110352117184, 
110352117302, 
110352127382, 
110352127482, 
110352137565, 
110352137679, 
110352147802, 
110352148049, 
110352158135, 
110352158422, 
110352168508, 
110352168617, 
110352181691, 
110352181851, 
110352191938, 
110352192062, 
110352202209, 
110352202400, 
110352212483, 
110352212587, 
110352222670, 
110352222780, 
110352232879, 
110352233098, 
110352243833, 
110352244602, 
110352254699, 
110352254863, 
110352264975, 
110352265501, 
110352275662, 
110352275837, 
110352285988, 
110352286465, 
110352296539, 
110352296908, 
110352306979, 
110352307072, 
110352317142, 
110352317220, 
110352327290, 
110352327369, 
110352337444, 
110352337528, 
110352347602, 
110352347674, 
110352358039, 
110352358147, 
110352368228, 
110352368322, 
110352378400, 
110352378502, 
110352388584, 
110352388701, 
110352398792, 
110352398950, 
110352409211, 
110352409358, 
110352419439, 
110352419538, 
110352429712,-1
110352430489, 
110352440584, 
110352441539, 
110352450952, 
110352451791, 
110352461296, 
110352462503, 
110352471900, 
110352472731, 
110352482399, 
110352482972, 
110352493477, 
110352493827, 
110352503990, 
110352504219, 
110352514713, 
110352514907, 
110352525064, 
110352525458, 
110352535451, 
110352535719, 
110352546185, 
110352546341, 
110352556502, 
110352556637, 
110352566713, 
110352566812, 
110352576924, 
110352577011, 
110352587211, 
110352587413, 
110352597493, 
110352597635, 
110352607774, 
110352607900, 
110352617997, 
110352619518, 
110352628281, 
110352629713, 
110352638501, 
110352639937, 
110352648716, 
110352650133, 
110352658971, 
110352660304, 
110352669199, 
110352670646, 
110352679573, 
110352680943, 
110352690074, 
110352691153, 
110352700563, 
110352701436, 
110352710798, 
110352711709, 
110352721004, 
110352722034, 
110352731214, 
110352732292, 
110352741415, 
110352742548, 
110352751657, 
110352752800, 
110352761869, 
110352763152, 
110352772082, 
110352773503, 
110352782315, 
110352783745, 
110352792514, 
110352794008, 
110352802910, 
110352804255, 
110352813135, 
110352814457, 
110352823423, 
110352824848, 
110352833688, 
110352835243, 
110352843933, 
110352845557, 
110352855235, 
110352855798, 
110352865577, 
110352866023, 
110352875725, 
110352876149, 
110352885857, 
110352886448, 
110352895987, 
110352896581, 
110352906133, 
110352906689, 
110352916276, 
110352916796, 
110352926420, 
110352926901, 
110352936575, 
110352937238, 
110352947310, 
110352947498, 
110352957565, 
110352957626, 
110352967694, 
110352967766, 
110352977832, 
110352977892, 
110352987958, 
110352988032, 
110352998099, 
110352998160, 
110353008239, 
110353008325, 
110353018394, 
110353018461, 
110353028529, 
110353028597, 
110353038668, 
110353038728, 
110353048796, 
110353048851, 
110353058921, 
110353058984, 
110353069054, 
110353069134, 
110353079236, 
110353079690, 
110353089757, 
110353090196, 
110353099912, 
110353100301, 
110353110051, 
110353110406, 
110353120188, 
110353120507, 
110353130357, 
110353130610, 
110353140541, 
110353140719, 
110353150671, 
110353150832, 
110353160813, 
110353161123, 
110353170976, 
110353171263, 
110353181103, 
110353181373, 
110353191232, 
110353191477, 
110353201687, 
110353201851, 
110353211927, 
110353211990, 
110353222056, 
110353222117, 
110353232186, 
110353232258, 
110353242324, 
110353242407, 
110353252478, 
110353252545, 
110353262611, 
110353262676, 
110353272771, 
110353272861, 
110353282930, 
110353282985, 
110353293093, 
110353293148, 
110353303217, 
110353303293, 
110353313364, 
110353313437, 
110353323507, 
110353323569, 
110353333638, 
110353333709, 
110353343778, 
110353343834, 
110353353920, 
110353354005, 
110353364072, 
110353364134, 
110353374197, 
110353374259, 
110353384325, 
110353384393, 
110353394478, 
110353394655, 
110353404725, 
110353405160, 
110353414852, 
110353415268, 
110353424984, 
110353425395, 
110353435131, 
110353435504, 
110353445378, 
110353445614, 
110353455532, 
110353455726, 
110353465691, 
110353465779, 
110353475851, 
110353475916, 
110353485983, 
110353486053, 
110353496129, 
110353496212, 
110353506279, 
110353506349, 
110353516508, 
110353516620, 
110353526686, 
110353526753, 
110353536818, 
110353536876, 
110353546945, 
110353547015, 
110353557083, 
110353557144, 
110353567238, 
110353567396, 
110353577485, 
110353577613, 
110353587760, 
110353587900, 
110353597987, 
110353598129, 
110353608211, 
110353608382, 
110353618466, 
110353618603, 
110353628684, 
110353628829, 
110353638951, 
110353639154, 
110353649225, 
110353649350, 
110353659466, 
110353659631, 
110353669719, 
110353669853, 
110353679933, 
110353680045, 
110353690127, 
110353690263, 
110353700343, 
110353700466, 
110353710555, 
110353710696, 
110353720837, 
110353720974, 
110353731257, 
110353731408, 
110353741513, 
110353741637, 
110353751732, 
110353751971, 
110353762056, 
110353762175, 
110353772248, 
110353772337, 
110353782410, 
110353782498, 
110353792590, 
110353792842, 
110353802843, 
110353802954, 
110353813033, 
110353813118, 
110353823194, 
110353823320, 
110353833396, 
110353833486, 
110353843561, 
110353843645, 
110353853719, 
110353853808, 
110353863893, 
110353863987, 
110353874221, 
110353874344, 
110353884423, 
110353884506, 
110353894587, 
110353894684, 
110353904773, 
110353904881, 
110353915023, 
110353915111, 
110353925202, 
110353925337, 
110353935391, 
110353935507, 
110353945717, 
110353945932, 
110353956014, 
110353956122, 
110353966209, 
110353966357, 
110353976442, 
110353976558, 
110353986639, 
110353986763, 
110353996847, 
110353996977, 
110354007179, 
110354007281, 
110354017509, 
110354017632, 
110354027714, 
110354027845, 
110354038069, 
110354038220, 
110354048496, 
110354048692, 
110354058770, 
110354058888, 
110354069002, 
110354069118, 
110354079194, 
110354079305, 
110354089428, 
110354089581, 
110354099681, 
110354099803, 
110354110244, 
110354110388, 
110354120472, 
110354120595, 
110354130683, 
110354130835, 
110354140941, 
110354141054, 
110354151132, 
110354151242, 
110354161444, 
110354161558, 
110354171624, 
110354171677, 
110354181743, 
110354181807, 
110354191872, 
110354191933, 
110354202036, 
110354202095, 
110354212162, 
110354212228, 
110354222293, 
110354222341, 
110354232407, 
110354232471, 
110354242530, 
110354242581, 
110354252756, 
110354252835, 
110354262902, 
110354262961, 
110354273032, 
110354273100, 
110354283234, 
110354283288, 
110354293357, 
110354293417, 
110354303483, 
110354303540, 
110354313605, 
110354313659, 
110354323726, 
110354323806, 
110354333871, 
110354333927, 
110354343991, 
110354344051, 
110354354117, 
110354354178, 
110354364251, 
110354364300, 
110354374389, 
110354374477, 
110354384546, 
110354384600, 
110354394665, 
110354394722, 
110354404789, 
110354404854, 
110354414926, 
110354414976, 
110354425044, 
110354425103, 
110354435170, 
110354435271, 
110354445700, 
110354445787, 
110354455854, 
110354455909, 
110354465974, 
110354466181, 
110354476246, 
110354476310, 
110354486373, 
110354486425, 
110354496503, 
110354496639, 
110354506707, 
110354506763, 
110354516980, 
110354517053, 
110354527121, 
110354527177, 
110354537243, 
110354537295, 
110354547361, 
110354547417, 
110354557482, 
110354557592, 
110354567659, 
110354567712, 
110354577777, 
110354577828, 
110354587892, 
110354587942, 
110354598015, 
110354598226, 
110354608291, 
110354608340, 
110354618408, 
110354618481, 
110354628600, 
110354628667, 
110354638751, 
110354639077, 
110354649146, 
110354649220, 
110354659291, 
110354659341, 
110354669410, 
110354669472, 
110354679538, 
110354679591, 
110354689699, 
110354689764, 
110354699867, 
110354699925, 
110354710436, 
110354710492, 
110354720559, 
110354720620, 
110354730686, 
110354730736, 
110354740801, 
110354740858, 
110354750923, 
110354750975, 
110354761047, 
110354761102, 
110354771169, 
110354771225, 
110354781296, 
110354781493, 
110354791559, 
110354791607, 
110354801672, 
110354801738, 
110354811802, 
110354811852, 
110354821924, 
110354821991, 
110354832069, 
110354832153, 
110354842220, 
110354842270, 
110354852334, 
110354852394, 
110354862466, 
110354862533, 
110354872617, 
110354872714, 
110354882989, 
110354883136, 
110354893239, 
110354893343, 
110354903435, 
110354903592, 
110354913682, 
110354914290, 
110354923875, 
110354924449, 
110354934053, 
110354934681, 
110354944248, 
110354944842, 
110354954482, 
110354955008, 
110354964709, 
110354965170, 
110354974929, 
110354976162, 
110354985124, 
110354986330, 
110354995292, 
110354996567, 
110355005580, 
110355006745, 
110355015736, 
110355016876, 
110355026053, 
110355027054, 
110355036215, 
110355037189, 
110355046428, 
110355048080, 
110355057063, 
110355058264, 
110355067222, 
110355068462, 
110355077372, 
110355078645, 
110355087548, 
110355088794, 
110355098587, 
110355098948, 
110355108774, 
110355109096, 
110355119079, 
110355119300, 
110355129254, 
110355129455, 
110355139574, 
110355139706, 
110355149789, 
110355149889, 
110355159964, 
110355160069, 
110355170148, 
110355170250, 
110355180327, 
110355180424, 
110355190509, 
110355190594, 
110355200668, 
110355200760, 
110355210844, 
110355210964, 
110355221042, 
110355221122, 
110355231197, 
110355231282, 
110355241356, 
110355241452, 
110355251527, 
110355251635, 
110355262022, 
110355262107, 
110355272193, 
110355272302, 
110355282482, 
110355282600, 
110355292681, 
110355292767, 
110355302850, 
110355302954, 
110355313029, 
110355313136, 
110355323211, 
110355323310, 
110355333416, 
110355333551, 
110355343832, 
110355343920, 
110355355116, 
110355355278, 
110355365363, 
110355365461, 
110355375573, 
110355375704, 
110355385783, 
110355385895, 
110355395968, 
110355396065, 
110355406141, 
110355406628, 
110355416704, 
110355416787, 
110355426862, 
110355426970, 
110355437048, 
110355437163, 
110355447370, 
110355447465, 
110355457552, 
110355457660, 
110355467758, 
110355467849, 
110355477931, 
110355478057, 
110355488319, 
110355488423, 
110355498504, 
110355498617, 
110355508700, 
110355508828, 
110355518953, 
110355519091, 
110355529176, 
110355529311, 
110355539405, 
110355539531, 
110355549610, 
110355549728, 
110355559803, 
110355559907, 
110355569985, 
110355570090, 
110355580168, 
110355580350, 
110355590442, 
110355590650, 
110355600734, 
110355600857, 
110355610942, 
110355611185, 
110355621256, 
110355621366, 
110355631442, 
110355631546, 
110355641637, 
110355641738, 
110355651813, 
110355651937, 
110355662164, 
110355662301, 
110355672379, 
110355672483, 
110355682601, 
110355682724, 
110355693023, 
110355693124, 
110355703202, 
110355703310, 
110355713416, 
110355713514, 
110355723591, 
110355723676, 
110355734016, 
110355734109, 
110355744196, 
110355744293, 
110355754443, 
110355754567, 
110355764653, 
110355764763, 
110355774849, 
110355774953, 
110355785030, 
110355785151, 
110355795229, 
110355795353, 
110355805691, 
110355805895, 
110355815958, 
110355816066, 
110355826411, 
110355826569, 
110355836651, 
110355836815, 
110355846903, 
110355847090, 
110355857210, 
110355857332, 
110355867429, 
110355867533, 
110355877644, 
110355877755, 
110355887860, 
110355887956, 
110355898159, 
110355898363, 
110355908544, 
110355908764, 
110355919332, 
110355919801, 
110355929952, 
110355930065, 
110355940418, 
110355940595, 
110355950674, 
110355950808, 
110355960883, 
110355961019, 
110355971098, 
110355971261, 
110355981347, 
110355981549, 
110355991850, 
110355991971, 
110356002074, 
110356002186, 
110356012749, 
110356012995, 
110356023175, 
110356023363, 
110356033552, 
110356033740, 
110356043787, 
110356043966, 
110356054075, 
110356054442, 
110356064639, 
110356064841, 
110356074919, 
110356075075, 
110356085154, 
110356085339, 
110356095444, 
110356095555, 
110356106378, 
110356106825, 
110356116948, 
110356117162, 
110356127244, 
110356127512, 
110356137587, 
110356137727, 
110356148006, 
110356148185, 
110356158432, 
110356158575, 
110356168696, 
110356168866, 
110356178991, 
110356179090, 
110356189208, 
110356189312, 
110356199426, 
110356199536, 
110356209643, 
110356209746, 
110356220125, 
110356220309, 
110356230391, 
110356230550, 
110356240737, 
110356241230, 
110356251316, 
110356251421, 
110356262998, 
110356263188, 
110356273269, 
110356273408, 
110356283528, 
110356283719, 
110356293827, 
110356293957, 
110356304035, 
110356304135, 
110356314293, 
110356314470, 
110356324553, 
110356324712, 
110356335004, 
110356335177, 
110356345327, 
110356345494, 
110356355586, 
110356355759, 
110356366213, 
110356366365, 
110356376577, 
110356376769, 
110356386853, 
110356387019, 
110356397099, 
110356397259, 
110356407340, 
110356407491, 
110356417608, 
110356417710, 
110356427914, 
110356428055, 
110356438135, 
110356438287, 
110356448544, 
110356448752, 
110356458886, 
110356459006, 
110356469193, 
110356469371, 
110356479457, 
110356479616, 
110356489734, 
110356489858, 
110356499958, 
110356500077, 
110356510392, 
110356510498, 
110356520601, 
110356520798, 
110356531129, 
110356531271, 
110356541948, 
110356542122, 
110356552244, 
110356552359, 
110356562545, 
110356562728, 
110356572814, 
110356572982, 
110356583099, 
110356583217, 
110356593329, 
110356593980, 
110356603540, 
110356604140, 
110356613757, 
110356614440, 
110356623975, 
110356624643, 
110356634444, 
110356634868, 
110356644747, 
110356645026, 
110356655053, 
110356655239, 
110356665368, 
110356665535, 
110356675648, 
110356675743, 
110356685926, 
110356686092, 
110356696345, 
110356696483, 
110356706572, 
110356706728, 
110356716812, 
110356716974, 
110356727264, 
110356727463, 
110356737564, 
110356737683, 
110356747986, 
110356748114, 
110356758297, 
110356758427, 
110356768504, 
110356768649, 
110356778728, 
110356778875, 
110356788952, 
110356789090, 
110356799180, 
110356799383, 
110356809473, 
110356809569, 
110356819726, 
110356819907, 
110356829990, 
110356830347, 
110356840423, 
110356840568, 
110356850746, 
110356850864, 
110356860964, 
110356861073, 
110356871187, 
110356871303, 
110356881388, 
110356881493, 
110356891696, 
110356891866, 
110356901947, 
110356902087, 
110356912166, 
110356912335, 
110356922452, 
110356922569, 
110356932674, 
110356932774, 
110356942919, 
110356943087, 
110356953150, 
110356953311, 
110356964439, 
110356964603, 
110356974685, 
110356974893, 
110356985220, 
110356985409, 
110356995493, 
110356995663, 
110357007032, 
110357007333, 
110357017503, 
110357017677, 
110357027804, 
110357027983, 
110357038099, 
110357038222, 
110357048322, 
110357048463, 
110357058556, 
110357058676, 
110357068752, 
110357068859, 
110357078940, 
110357079046, 
110357089214, 
110357089330, 
110357099828, 
110357100220, 
110357110301, 
110357110399, 
110357120495, 
110357120631, 
110357130744, 
110357130844, 
110357140919, 
110357141023, 
110357151119, 
110357151450, 
110357161423, 
110357161596, 
110357171638, 
110357171760, 
110357181838, 
110357181950, 
110357192470, 
110357192632, 
110357202721, 
110357202844, 
110357212999, 
110357213140, 
110357223217, 
110357223320, 
110357233405, 
110357233523, 
110357243602, 
110357243701, 
110357253816, 
110357253916, 
110357264058, 
110357264170, 
110357274254, 
110357274373, 
110357284524, 
110357284680, 
110357294763, 
110357294892, 
110357304970, 
110357305079, 
110357315166, 
110357315281, 
110357325354, 
110357325474, 
110357335622, 
110357335731, 
110357345814, 
110357345931, 
110357356051, 
110357356200, 
110357366319, 
110357366441, 
110357376526, 
110357376661, 
110357386743, 
110357386856, 
110357396940, 
110357397064, 
110357407149, 
110357407266, 
110357417350, 
110357417469, 
110357427618, 
110357427755, 
110357437841, 
110357437977, 
110357448060, 
110357448179, 
110357458263, 
110357458382, 
110357468465, 
110357468578, 
110357478774, 
110357479132, 
110357489215, 
110357489338, 
110357499431, 
110357499547, 
110357509638, 
110357509774, 
110357519853, 
110357519964, 
110357530047, 
110357530160, 
110357540255, 
110357540374, 
110357550535, 
110357550707, 
110357560795, 
110357560941, 
110357571103, 
110357571251, 
110357581334, 
110357581432, 
110357591532, 
110357591648, 
110357601743, 
110357601852, 
110357611927, 
110357612032, 
110357622137, 
110357622250, 
110357632326, 
110357632573, 
110357642549, 
110357642681, 
110357652765, 
110357652902, 
110357663062, 
110357663190, 
110357673366, 
110357673487, 
110357683565, 
110357683670, 
110357693738, 
110357693841, 
110357703932, 
110357704074, 
110357714163, 
110357714287, 
110357724373, 
110357724486, 
110357734567, 
110357734673, 
110357744975, 
110357745090, 
110357755181, 
110357755292, 
110357765390, 
110357765499, 
110357775576, 
110357775695, 
110357785779, 
110357785910, 
110357795986, 
110357796072, 
110357806148, 
110357806264, 
110357816340, 
110357816431, 
110357826504, 
110357826592, 
110357836670, 
110357836776, 
110357846854, 
110357846954, 
110357857110, 
110357857239, 
110357867350, 
110357867456, 
110357877538, 
110357877664, 
110357887742, 
110357887861, 
110357897942, 
110357898079, 
110357908156, 
110357908265, 
110357918342, 
110357918468, 
110357928658, 
110357928780, 
110357938880, 
110357939001, 
110357949081, 
110357949179, 
110357959257, 
110357959365, 
110357969439, 
110357969542, 
110357979621, 
110357979728, 
110357989806, 
110357989904, 
110358000019, 
110358000151, 
110358010233, 
110358010331, 
110358020521, 
110358020629, 
110358030701, 
110358030809, 
110358041105, 
110358041204, 
110358051276, 
110358051428, 
110358061505, 
110358061608, 
110358071752, 
110358071860, 
110358081999, 
110358082113, 
110358092238, 
110358092364, 
110358102444, 
110358102546, 
110358112624, 
110358112731, 
110358122806, 
110358122898, 
110358132973, 
110358133067, 
110358143168, 
110358143291, 
110358153381, 
110358153472, 
110358163547, 
110358163656, 
110358173751, 
110358173853, 
110358183928, 
110358184032, 
110358194108, 
110358194199, 
110358204273, 
110358204360, 
110358214515, 
110358214725, 
110358224805, 
110358224904, 
110358234980, 
110358235069, 
110358245335, 
110358245426, 
110358255506, 
110358255628, 
110358265752, 
110358265892, 
110358275978, 
110358276198, 
110358286181, 
110358286355, 
110358296435, 
110358296516, 
110358306592, 
110358306702, 
110358316780, 
110358316892, 
110358326967, 
110358327070, 
110358337632, 
110358337738, 
110358347815, 
110358347919, 
110358358099, 
110358358272, 
110358368355, 
110358368441, 
110358378651, 
110358378779, 
110358388861, 
110358388973, 
110358399048, 
110358399139, 
110358409216, 
110358409304, 
110358419446, 
110358419535, 
110358429775, 
110358429909, 
110358440312, 
110358440458, 
110358450548, 
110358450683, 
110358460765, 
110358460881, 
110358470954, 
110358471042, 
110358481121, 
110358481216, 
110358491287, 
110358491379, 
110358501546, 
110358501651, 
110358511744, 
110358511844, 
110358521962, 
110358522086, 
110358532181, 
110358532264, 
110358542337, 
110358542435, 
110358552522, 
110358552621, 
110358562694, 
110358562777, 
110358572852, 
110358572942, 
110358583023, 
110358583131, 
110358593281, 
110358593401, 
110358603491, 
110358603592, 
110358613670, 
110358613785, 
110358623895, 
110358624017, 
110358634099, 
110358634356, 
110358644462, 
110358644571, 
110358654651, 
110358654742, 
110358664826, 
110358664945, 
110358675027, 
110358675122, 
110358685209, 
110358685297, 
110358695371, 
110358695475, 
110358705553, 
110358705659, 
110358715932, 
110358716023, 
110358726102, 
110358726195, 
110358736930, 
110358737053, 
110358747132, 
110358747242, 
110358757336, 
110358757456, 
110358767542, 
110358767630, 
110358777705, 
110358777808, 
110358787887, 
110358788003, 
110358798078, 
110358798167, 
110358808293, 
110358808424, 
110358818506, 
110358818624, 
110358828689, 
110358828786, 
110358838868, 
110358838969, 
110358849047, 
110358849156, 
110358859292, 
110358859424, 
110358869514, 
110358869927, 
110358880042, 
110358880183, 
110358890263, 
110358890360, 
110358900446, 
110358900576, 
110358910657, 
110358910766, 
110358920831, 
110358920918, 
110358931000, 
110358931101, 
110358941174, 
110358941270, 
110358951392, 
110358951524, 
110358961606, 
110358961723, 
110358971806, 
110358971951, 
110358982032, 
110358982144, 
110358992261, 
110358992360, 
110359002439, 
110359002554, 
110359012630, 
110359012748, 
110359022832, 
110359022962, 
110359033042, 
110359033158, 
110359043234, 
110359043337, 
110359053416, 
110359053533, 
110359063611, 
110359063698, 
110359073812, 
110359073905, 
110359083982, 
110359084092, 
110359094439, 
110359094580, 
110359104667, 
110359104746, 
110359114824, 
110359114937, 
110359125016, 
110359125109, 
110359135186, 
110359135282, 
110359145357, 
110359145439, 
110359155513, 
110359155617, 
110359165693, 
110359166000, 
110359176084, 
110359176191, 
110359186266, 
110359186384, 
110359196457, 
110359196556, 
110359206633, 
110359206721, 
110359216799, 
110359217006, 
110359227183, 
110359227344, 
110359237545, 
110359237792, 
110359247915, 
110359248029, 
110359258156, 
110359258282, 
110359268370, 
110359268482, 
110359278582, 
110359278687, 
110359288799, 
110359288918, 
110359299008, 
110359299148, 
110359309263, 
110359309437, 
110359319550, 
110359319733, 
110359329950, 
110359330139, 
110359340268, 
110359340378, 
110359350496, 
110359351121, 
110359361204, 
110359361369, 
110359371454, 
110359371878, 
110359381968, 
110359382092, 
110359392313, 
110359392479, 
110359402725, 
110359402897, 
110359413016, 
110359413283, 
110359423470, 
110359423925, 
110359434056, 
110359434187, 
110359444320, 
110359444535, 
110359454624, 
110359454807, 
110359464925, 
110359465050, 
110359475151, 
110359475675, 
110359485665, 
110359485994, 
110359496079, 
110359496258, 
110359506382, 
110359506507, 
110359516691, 
110359516865, 
110359526951, 
110359527111, 
110359537592, 
110359537743, 
110359547865, 
110359547983, 
110359558091, 
110359558214, 
110359568404, 
110359568559, 
110359578639, 
110359578781, 
110359588863, 
110359589003, 
110359599080, 
110359599213, 
110359609477, 
110359609629, 
110359619704, 
110359619836, 
110359629916, 
110359630086, 
110359640207, 
110359640308, 
110359650421, 
110359650516, 
110359660643, 
110359660747, 
110359670857, 
110359670958, 
110359681488, 
110359681614, 
110359691705, 
110359691834, 
110359702040, 
110359702611, 
110359712734, 
110359712852, 
110359722975, 
110359723176, 
110359733262, 
110359733434, 
110359743597, 
110359743726, 
110359753811, 
110359753921, 
110359764073, 
110359764233, 
110359774316, 
110359774566, 
110359784656, 
110359784771, 
110359794908, 
110359795078, 
110359805402, 
110359805606, 
110359815777, 
110359815944, 
110359826025,1
110359826603, 
110359837070, 
110359837319, 
110359847464, 
110359847614, 
110359857712, 
110359858213, 
110359868604, 
110359869011, 
110359880664, 
110359880925, 
110359891023, 
110359891168, 
110359901281, 
110359901437, 
110359911815, 
110359912997, 
110359923116, 
110359923384, 
110359933604, 
110359933769, 
110359944094, 
110359944656, 
110359954751, 
110359955074, 
110359965406, 
110359965698, 
110359975783, 
110359975892, 
110359986218, 
110359986432, 
110359996502, 
110359996554, 
110400006627, 
110400006693, 
110400016763, 
110400016836, 
110400026906, 
110400027061, 
110400037126, 
110400037187, 
110400047252, 
110400047323, 
110400057426, 
110400057682, 
110400067753, 
110400067860, 
110400077929, 
110400077987, 
110400088056, 
110400088116, 
110400098184, 
110400098267, 
110400108338, 
110400108411, 
110400118484, 
110400118553, 
110400128621, 
110400128709, 
110400138776, 
110400138939, 
110400149006, 
110400149068, 
110400159145, 
110400159207, 
110400169274, 
110400169367, 
110400179457, 
110400179538, 
110400189656, 
110400189726, 
110400199804, 
110400199862, 
110400209931, 
110400210020, 
110400220087, 
110400220143, 
110400230239, 
110400230304, 
110400240371, 
110400240464, 
110400250757, 
110400251308, 
110400261378, 
110400261449, 
110400271519, 
110400271584, 
110400281653, 
110400281749, 
110400291816, 
110400291872, 
110400301963, 
110400302034, 
110400312123, 
110400312218, 
110400322298, 
110400322422, 
110400332493, 
110400332554, 
110400342621, 
110400342678, 
110400352750, 
110400352846, 
110400362913, 
110400362970, 
110400373061, 
110400373125, 
110400383193, 
110400383280, 
110400393350, 
110400393438, 
110400403560, 
110400403795, 
110400413686, 
110400413921, 
110400423843, 
110400424046, 
110400433983, 
110400434268, 
110400444133, 
110400444514, 
110400454380, 
110400454654, 
110400464525, 
110400464763, 
110400474684, 
110400475033, 
110400484829, 
110400485140, 
110400494957, 
110400495244, 
110400505171, 
110400505353, 
110400515371, 
110400515498, 
110400525568, 
110400525626, 
110400535696, 
110400535757, 
110400545827, 
110400545924, 
110400555991, 
110400556053, 
110400566139, 
110400566200, 
110400576269, 
110400576418, 
110400586552, 
110400586859, 
110400596955, 
110400597023, 
110400607094, 
110400607153, 
110400617290, 
110400617346, 
110400627413, 
110400627470, 
110400637719, 
110400637883, 
110400647952, 
110400648188, 
110400658425, 
110400658762, 
110400668915, 
110400668983, 
110400679129, 
110400679191, 
110400689387, 
110400689575, 
110400699616, 
110400699820, 
110400709913, 
110400710100, 
110400720230, 
110400720353, 
110400730456, 
110400730653, 
110400740743, 
110400740944, 
110400751626, 
110400751896, 
110400761988, 
110400762171, 
110400772258, 
110400772750, 
110400782841, 
110400783020, 
110400793458, 
110400793649, 
110400803787, 
110400804171, 
110400813990, 
110400814334, 
110400824215, 
110400824531, 
110400834491, 
110400834719, 
110400844714, 
110400845354, 
110400855469, 
110400855593, 
110400865879, 
110400866027, 
110400876316, 
110400876435, 
110400886654, 
110400887134, 
110400897173, 
110400897284, 
110400907371, 
110400907490, 
110400917587, 
110400917698, 
110400927803, 
110400927903, 
110400938089, 
110400938340, 
110400948438, 
110400948541, 
110400958693, 
110400958881, 
110400968963, 
110400969111, 
110400979189, 
110400979335, 
110400989419, 
110400989594, 
110400999733, 
110401000045, 
110401010038, 
110401010282, 
110401020570, 
110401020856, 
110401031606, 
110401031952, 
110401042048, 
110401042232, 
110401052329, 
110401052509, 
110401062658, 
110401062781, 
110401072986, 
110401073176, 
110401083264, 
110401083389, 
110401093487, 
110401093581, 
110401103657, 
110401103760, 
110401113837, 
110401113940, 
110401124158, 
110401124270, 
110401134367, 
110401134454, 
110401144703, 
110401144849, 
110401154930, 
110401155039, 
110401165119, 
110401165239, 
110401175346, 
110401175464, 
110401185550, 
110401185695, 
110401195931, 
110401196112, 
110401206196, 
110401206328, 
110401216415, 
110401216604, 
110401226697, 
110401226824, 
110401236950, 
110401237050, 
110401247134, 
110401247269, 
110401257352, 
110401257504, 
110401267594, 
110401267710, 
110401277792, 
110401277905, 
110401288026, 
110401288220, 
110401298300, 
110401298413, 
110401308488, 
110401308607, 
110401318680, 
110401318784, 
110401328861, 
110401328985, 
110401339090, 
110401339330, 
110401349519, 
110401349626, 
110401359996, 
110401360847, 
110401370934, 
110401371035, 
110401381199, 
110401381325, 
110401391403, 
110401391504, 
110401401583, 
110401401679, 
110401411756, 
110401411867, 
110401421943, 
110401422058, 
110401432133, 
110401432242, 
110401442318, 
110401442488, 
110401452963, 
110401453631, 
110401463714, 
110401464180, 
110401473913, 
110401474374, 
110401484128, 
110401484533, 
110401494330, 
110401494680, 
110401504515, 
110401504853, 
110401514712, 
110401514994, 
110401525098, 
110401525215, 
110401535510, 
110401535681, 
110401546275, 
110401546420, 
110401556506, 
110401556635, 
110401566804, 
110401566986, 
110401577128, 
110401577252, 
110401587331, 
110401587445, 
110401597554, 
110401597660, 
110401607760, 
110401607857, 
110401618020, 
110401618121, 
110401628196, 
110401628298, 
110401638454, 
110401638619, 
110401648694, 
110401648834, 
110401658908, 
110401659041, 
110401669076, 
110401669179, 
110401679333, 
110401679424, 
110401689565, 
110401689754, 
110401699835, 
110401699977, 
110401710183, 
110401710352, 
110401720434, 
110401720595, 
110401730759, 
110401730887, 
110401740994, 
110401741091, 
110401751196, 
110401751314, 
110401761417, 
110401761529, 
110401771631, 
110401771743, 
110401781961, 
110401782132, 
110401792334, 
110401792491, 
110401802605, 
110401802833, 
110401812919, 
110401813042, 
110401823126, 
110401823226, 
110401833334, 
110401833437, 
110401843557, 
110401843673, 
110401853896, 
110401854056, 
110401864179, 
110401864300, 
110401874970, 
110401875129, 
110401885240, 
110401885371, 
110401896073, 
110401896213, 
110401906295, 
110401906499, 
110401916815, 
110401917015, 
110401927127, 
110401927247, 
110401937335, 
110401937444, 
110401947557, 
110401947665, 
110401957882, 
110401958037, 
110401968116, 
110401968277, 
110401978392, 
110401978512, 
110401988746, 
110401988934, 
110401999286, 
110401999385, 
110402009749, 
110402009902, 
110402019984, 
110402020095, 
110402030172, 
110402030265, 
110402040343, 
110402040444, 
110402050522, 
110402050608, 
110402060886, 
110402061022, 
110402071108, 
110402071226, 
110402081386, 
110402081512, 
110402091596, 
110402091708, 
110402101790, 
110402101896, 
110402111981, 
110402112084, 
110402122162, 
110402122262, 
110402132579, 
110402132763, 
110402142843, 
110402143063, 
110402153356, 
110402153747, 
110402163839, 
110402163957, 
110402174049, 
110402174241, 
110402184329, 
110402184440, 
110402194520, 
110402194642, 
110402204727, 
110402204851, 
110402214934, 
110402215054, 
110402225258, 
110402225591, 
110402235676, 
110402235799, 
110402247634, 
110402247765, 
110402257877, 
110402257992, 
110402268958, 
110402269214, 
110402279302, 
110402279475, 
110402289609, 
110402289821, 
110402299908, 
110402300083, 
110402310351, 
110402310539, 
110402320781, 
110402320954, 
110402331067, 
110402331188, 
110402341292, 
110402341818, 
110402351492, 
110402352025, 
110402361983, 
110402362246, 
110402372336, 
110402372453, 
110402382823, 
110402383071, 
110402393177, 
110402393301, 
110402405421, 
110402405956, 
110402416054, 
110402416177, 
110402426278, 
110402426396, 
110402436487, 
110402436615, 
110402446792, 
110402446964, 
110402457229, 
110402457402, 
110402467619, 
110402468289, 
110402478378, 
110402478504, 
110402488596, 
110402488744, 
110402498816, 
110402498921, 
110402509013, 
110402509130, 
110402519238, 
110402519343, 
110402529451, 
110402529562, 
110402539681, 
110402539874, 
110402550084, 
110402550193, 
110402560436, 
110402560768, 
110402570781, 
110402571021, 
110402581034, 
110402581973, 
110402591403, 
110402592433, 
110402601656, 
110402602640, 
110402611898, 
110402612858, 
110402622209, 
110402623034, 
110402632439, 
110402633367, 
110402642650, 
110402643545, 
110402652830, 
110402653708, 
110402663023, 
110402663902, 
110402673236, 
110402674052, 
110402683606, 
110402684204, 
110402693806, 
110402694356, 
110402704053, 
110402704672, 
110402714254, 
110402714846, 
110402724426, 
110402725122, 
110402734881, 
110402735335, 
110402745062, 
110402745495, 
110402755255, 
110402755845, 
110402765458, 
110402766006, 
110402775648, 
110402776808, 
110402785863, 
110402786987, 
110402796056, 
110402797158, 
110402806268, 
110402807340, 
110402816464, 
110402817498, 
110402826655, 
110402827660, 
110402836841, 
110402837879, 
110402847604, 
110402848098, 
110402857808, 
110402858323, 
110402868132, 
110402868675, 
110402878757, 
110402878862, 
110402888939, 
110402889032, 
110402899109, 
110402899206, 
110402909286, 
110402909376, 
110402919751, 
110402919923, 
110402930040, 
110402930179, 
110402940386, 
110402940582, 
110402950731, 
110402950934, 
110402961068, 
110402961239, 
110402971355, 
110402971459, 
110402981575, 
110402981684, 
110402991798, 
110402991911, 
110403002034, 
110403002153, 
110403012241, 
110403012439, 
110403022515, 
110403022658, 
110403032928, 
110403033111, 
110403043196, 
110403043359, 
110403053437, 
110403053826, 
110403063932, 
110403064055, 
110403074138, 
110403074237, 
110403084427, 
110403084606, 
110403094692, 
110403094862, 
110403105104, 
110403105268, 
110403115400, 
110403115535, 
110403125855, 
110403125979, 
110403136066, 
110403136188, 
110403146265, 
110403146586, 
110403156493, 
110403156880, 
110403166697, 
110403167039, 
110403176938, 
110403177266, 
110403187175, 
110403187458, 
110403197480, 
110403197633, 
110403207723, 
110403207833, 
110403217912, 
110403218025, 
110403228195, 
110403228315, 
110403238428, 
110403238641, 
110403248717, 
110403248923, 
110403259058, 
110403259168, 
110403269455, 
110403269601, 
110403279687, 
110403279815, 
110403289918, 
110403290110, 
110403300194, 
110403300348, 
110403310427, 
110403310581, 
110403320660, 
110403320816, 
110403330968, 
110403331087, 
110403341190, 
110403341400, 
110403351487, 
110403351654, 
110403361817, 
110403361958, 
110403372049, 
110403372175, 
110403382277, 
110403382740, 
110403392867, 
110403392988, 
110403403091, 
110403403218, 
110403413309, 
110403413427, 
110403423621, 
110403423797, 
110403434047, 
110403434256, 
110403444569, 
110403444674, 
110403454845, 
110403455009, 
110403465096, 
110403465264, 
110403475348, 
110403475756, 
110403485845, 
110403485962, 
110403496049, 
110403496165, 
110403506318, 
110403506495, 
110403516582, 
110403516741, 
110403526930, 
110403527147, 
110403537229, 
110403537392, 
110403547602, 
110403547782, 
110403557865, 
110403558034, 
110403568218, 
110403568479, 
110403578666, 
110403579000, 
110403588905, 
110403589150, 
110403599109, 
110403599318, 
110403609320, 
110403609447, 
110403619524, 
110403619671, 
110403629783, 
110403629950, 
110403640036, 
110403640191, 
110403650309, 
110403650404, 
110403660519, 
110403660781, 
110403670858, 
110403670984, 
110403681060, 
110403681187, 
110403691373, 
110403691508, 
110403701603, 
110403701724, 
110403713072, 
110403713709, 
110403723865, 
110403723973, 
110403734165, 
110403734324, 
110403744403, 
110403744549, 
110403754726, 
110403754852, 
110403764936, 
110403765046, 
110403775151, 
110403775243, 
110403785385, 
110403785802, 
110403795890, 
110403796055, 
110403806213, 
110403806316, 
110403816435, 
110403816558, 
110403827354, 
110403827929, 
110403838015, 
110403838177, 
110403848314, 
110403848440, 
110403858523, 
110403858628, 
110403868743, 
110403868867, 
110403878955, 
110403879063, 
110403889178, 
110403889285, 
110403899387, 
110403899502, 
110403909601, 
110403909720, 
110403919906, 
110403920101, 
110403930230, 
110403930353, 
110403940555, 
110403940743, 
110403950868, 
110403950993, 
110403961173, 
110403961398, 
110403971552, 
110403971683, 
110403981758, 
110403981862, 
110403991938, 
110403992036, 
110404002111, 
110404002220, 
110404012781, 
110404012932, 
110404023019, 
110404023129, 
110404033311, 
110404033432, 
110404043513, 
110404043616, 
110404053694, 
110404053785, 
110404063924, 
110404064138, 
110404074251, 
110404074355, 
110404084547, 
110404084728, 
110404094819, 
110404094984, 
110404105245, 
110404105464, 
110404115552, 
110404115680, 
110404125894, 
110404126574, 
110404136610, 
110404136730, 
110404146817, 
110404146933, 
110404157026, 
110404157143, 
110404167228, 
110404167333, 
110404177460, 
110404177653, 
110404187686, 
110404187779, 
110404198088, 
110404198216, 
110404208294, 
110404208400, 
110404218508, 
110404218603, 
110404228723, 
110404228833, 
110404238940, 
110404239041, 
110404249283, 
110404249472, 
110404259582, 
110404259715, 
110404270191, 
110404270333, 
110404280418, 
110404280522, 
110404290632, 
110404290742, 
110404300850, 
110404300953, 
110404311063, 
110404311168, 
110404321496, 
110404321611, 
110404331696,-1
110404331949, 
110404342033, 
110404342267, 
110404352352, 
110404352619, 
110404363255, 
110404363474, 
110404373639, 
110404373890, 
110404384691, 
110404384938, 
110404395115, 
110404395355, 
110404405510, 
110404405787, 
110404415871, 
110404415996, 
110404426100, 
110404426661, 
110404436742, 
110404437076, 
110404447238, 
110404447361, 
110404457804, 
110404458206, 
110404468299, 
110404468511, 
110404478593, 
110404478719, 
110404488792, 
110404488884, 
110404498959, 
110404499055, 
110404509143, 
110404509248, 
110404519421, 
110404519513, 
110404529588, 
110404529720, 
110404539836, 
110404540128, 
110404550203, 
110404550466, 
110404560362, 
110404560599, 
110404570519, 
110404570708, 
110404580789, 
110404580888, 
110404591239, 
110404591360, 
110404601786, 
110404601920, 
110404612008, 
110404612117, 
110404622201, 
110404622313, 
110404632512, 
110404632661, 
110404642755, 
110404642902, 
110404652999, 
110404653138, 
110404663233, 
110404663357, 
110404673510, 
110404673670, 
110404683763, 
110404683918, 
110404693998, 
110404694103, 
110404704179, 
110404704263, 
110404714336, 
110404714423, 
110404724497, 
110404724576, 
110404734647, 
110404734726, 
110404744885, 
110404744994, 
110404755068, 
110404755147, 
110404765220, 
110404765323, 
110404775375, 
110404775460, 
110404785536, 
110404785629, 
110404795706, 
110404795807, 
110404805879, 
110404805975, 
110404816235, 
110404816364, 
110404826651, 
110404826741, 
110404836817, 
110404836908, 
110404846986, 
110404847093, 
110404857170, 
110404857279, 
110404867437, 
110404867539, 
110404877650, 
110404877806, 
110404888214, 
110404888338, 
110404898417, 
110404898497, 
110404908574, 
110404908673, 
110404918746, 
110404918835, 
110404928905, 
110404928986, 
110404939057, 
110404939136, 
110404949208, 
110404949307, 
110404959522, 
110404959646, 
110404969726, 
110404969810, 
110404979886, 
110404979966, 
110404990044, 
110404990184, 
110405000259, 
110405000355, 
110405010429, 
110405010512, 
110405020589, 
110405021123, 
110405030813, 
110405031309, 
110405040998, 
110405041453, 
110405051166, 
110405051586, 
110405061321, 
110405061739, 
110405071501, 
110405071890, 
110405081771, 
110405082184, 
110405091955, 
110405092326, 
110405102118, 
110405102503, 
110405112463, 
110405112650, 
110405122626, 
110405122881, 
110405132776, 
110405133017, 
110405142935, 
110405143149, 
110405153156, 
110405153272, 
110405163349, 
110405163428, 
110405173524, 
110405173628, 
110405183704, 
110405183785, 
110405193859, 
110405193947, 
110405204025, 
110405204113, 
110405214187, 
110405214270, 
110405224377, 
110405224453, 
110405234525, 
110405234599, 
110405244674, 
110405244764, 
110405254840, 
110405254923, 
110405264995, 
110405265076, 
110405275195, 
110405275276, 
110405285354, 
110405285437, 
110405295554, 
110405295683, 
110405305763, 
110405305863, 
110405315941, 
110405316050, 
110405326135, 
110405326250, 
110405336389, 
110405336501, 
110405346972, 
110405347086, 
110405357170, 
110405357279, 
110405367408, 
110405367531, 
110405377617, 
110405377746, 
110405387911, 
110405388039, 
110405398125, 
110405398243, 
110405408375, 
110405408496, 
110405418579, 
110405418686, 
110405428769, 
110405428871, 
110405439023, 
110405439115, 
110405449196, 
110405449306, 
110405459442, 
110405459585, 
110405469682, 
110405469782, 
110405479863, 
110405479968, 
110405490048, 
110405490154, 
110405500235, 
110405500344, 
110405510617, 
110405510712, 
110405520791, 
110405520893, 
110405531032, 
110405531163, 
110405541244, 
110405541714, 
110405551792, 
110405551896, 
110405562075, 
110405562270, 
110405572352, 
110405572527, 
110405582621, 
110405582774, 
110405592859, 
110405592972, 
110405603198, 
110405603533, 
110405613614, 
110405613795, 
110405624608, 
110405624797, 
110405634835, 
110405634939, 
110405645497, 
110405645628, 
110405655706, 
110405655801, 
110405665875, 
110405665969, 
110405676047, 
110405676148, 
110405686242, 
110405686479, 
110405696626, 
110405696745, 
110405706823, 
110405706916, 
110405717058, 
110405717189, 
110405727269, 
110405727381, 
110405737465, 
110405737555, 
110405747634, 
110405747739, 
110405757814, 
110405757901, 
110405767979, 
110405768083, 
110405778150, 
110405778262, 
110405788355, 
110405788516, 
110405798771, 
110405798954, 
110405809034, 
110405809190, 
110405819310, 
110405819442, 
110405829538, 
110405829656, 
110405839747, 
110405839954, 
110405850037, 
110405850203, 
110405860382, 
110405860583, 
110405870671, 
110405870850, 
110405880933, 
110405883098, 
110405893173, 
110405893322, 
110405903424, 
110405903605, 
110405913696, 
110405913820, 
110405924118, 
110405924256, 
110405934340, 
110405934452, 
110405944551, 
110405944808, 
110405954768, 
110405955018, 
110405964984, 
110405965096, 
110405975514, 
110405975678, 
110405985819, 
110405985922, 
110405996259, 
110405996490, 
110406006578, 
110406006759, 
110406017173, 
110406017496, 
110406027706, 
110406027814, 
110406037927, 
110406038038, 
110406048270, 
110406048444, 
110406058559, 
110406058689, 
110406068792, 
110406068902, 
110406078992, 
110406079115, 
110406089264, 
110406089452, 
110406099532, 
110406099695, 
110406109775, 
110406109952, 
110406120061, 
110406120163, 
110406130301, 
110406130416, 
110406140559, 
110406140706, 
110406150785, 
110406150949, 
110406161108, 
110406161225, 
110406171343, 
110406171458, 
110406181573, 
110406181702, 
110406191784, 
110406191885, 
110406201988, 
110406202089, 
110406212200, 
110406212295, 
110406222417, 
110406222531, 
110406232671, 
110406232959, 
110406243189, 
110406243279, 
110406253430, 
110406253558, 
110406263635, 
110406263729, 
110406273801, 
110406273896, 
110406283973, 
110406284068, 
110406294284, 
110406294400, 
110406304672, 
110406304841, 
110406314917, 
110406315018, 
110406325136, 
110406325254, 
110406335344, 
110406335454, 
110406345576, 
110406345680, 
110406355763, 
110406355900, 
110406365976, 
110406366070, 
110406376180, 
110406376364, 
110406386491, 
110406386594, 
110406396746, 
110406396886, 
110406407039, 
110406407175, 
110406417253, 
110406417406, 
110406427484, 
110406427620, 
110406437697, 
110406437838, 
110406447975, 
110406448072, 
110406458183, 
110406458294, 
110406468434, 
110406468537, 
110406478620, 
110406478725, 
110406488913, 
110406489084, 
110406499167, 
110406499318, 
110406509472, 
110406509686, 
110406519739, 
110406519898, 
110406529986, 
110406530326, 
110406540464, 
110406540624, 
110406550876, 
110406551090, 
110406561227, 
110406561410, 
110406571493, 
110406571654, 
110406581736, 
110406581900, 
110406592007, 
110406592115, 
110406602219, 
110406602308, 
110406612387, 
110406612519, 
110406622596, 
110406622721, 
110406633842, 
110406634842, 
110406644972, 
110406645125, 
110406655210, 
110406655373, 
110406665451, 
110406665601, 
110406675910, 
110406676085, 
110406686202, 
110406686324, 
110406696508, 
110406696679, 
110406706762, 
110406706919, 
110406717038, 
110406717161, 
110406727408, 
110406727562, 
110406737691, 
110406737820, 
110406747965, 
110406748417, 
110406758532, 
110406758654, 
110406768801, 
110406768967, 
110406779049, 
110406779197, 
110406789279, 
110406789626, 
110406799697, 
110406799818, 
110406809892, 
110406810041, 
110406820118, 
110406820308, 
110406830385, 
110406830525, 
110406840690, 
110406840860, 
110406851024, 
110406851158, 
110406861327, 
110406861431, 
110406871517, 
110406871628, 
110406881728, 
110406881821, 
110406891935, 
110406892042, 
110406902149, 
110406902235, 
110406912441, 
110406912802, 
110406922876, 
110406923060, 
110406933216, 
110406933348, 
110406943478, 
110406943634, 
110406953716, 
110406953870, 
110406963952, 
110406964089, 
110406974169, 
110406974320, 
110406984402, 
110406984551, 
110406994912, 
110406995010, 
110407005206, 
110407005384, 
110407015469, 
110407015635, 
110407025811, 
110407025973, 
110407036056, 
110407036216, 
110407046291, 
110407046431, 
110407056510, 
110407056674, 
110407066842, 
110407066940, 
110407077123, 
110407077282, 
110407087365, 
110407087529, 
110407098099, 
110407098247, 
110407108326, 
110407108449, 
110407118532, 
110407118771, 
110407128855, 
110407129007, 
110407139081, 
110407139219, 
110407149411, 
110407149515, 
110407159591, 
110407159687, 
110407169810, 
110407169921, 
110407180024, 
110407180146, 
110407190668, 
110407190791, 
110407200872, 
110407200972, 
110407211083, 
110407211222, 
110407221307, 
110407221526, 
110407231606, 
110407231747, 
110407241826, 
110407241976, 
110407252055, 
110407252195, 
110407262389, 
110407262697, 
110407272782, 
110407272880, 
110407283078, 
110407283259, 
110407293343, 
110407293498, 
110407303761, 
110407303893, 
110407314273, 
110407314485, 
110407324563, 
110407324708, 
110407334790, 
110407334941, 
110407345022, 
110407345161, 
110407355398, 
110407355576, 
110407365657, 
110407365814, 
110407375947, 
110407376089, 
110407386173, 
110407386264, 
110407396435, 
110407396585, 
110407406624, 
110407406738, 
110407416817, 
110407416911, 
110407427243, 
110407427472, 
110407437549, 
110407437688, 
110407447784, 
110407447963, 
110407458080, 
110407458179, 
110407468296, 
110407468405, 
110407478760, 
110407478859, 
110407488943, 
110407489195, 
110407499277, 
110407499423, 
110407509502, 
110407509645, 
110407520010, 
110407520192, 
110407530232, 
110407530333, 
110407540452, 
110407540629, 
110407550710, 
110407550856, 
110407560934, 
110407561077, 
110407571155, 
110407571380, 
110407581496, 
110407581602, 
110407591757, 
110407592001, 
110407602333, 
110407602445, 
110407613371, 
110407613863, 
110407623979, 
110407624095, 
110407635424, 
110407635738, 
110407645857, 
110407646059, 
110407656264, 
110407656377, 
110407666686, 
110407666901, 
110407676986, 
110407677167, 
110407687267, 
110407687539, 
110407698064, 
110407698266, 
110407708374, 
110407708501, 
110407718588, 
110407718720, 
110407728819, 
110407729199, 
110407739019, 
110407739355, 
110407749339, 
110407749496, 
110407759576, 
110407759766, 
110407770107, 
110407770879, 
110407780922, 
110407781036, 
110407791234, 
110407791424, 
110407801530, 
110407801633, 
110407812063, 
110407812241, 
110407822363, 
110407822470, 
110407832582, 
110407832693, 
110407842803, 
110407843009, 
110407853088, 
110407853255, 
110407863378, 
110407863538, 
110407873650, 
110407873768, 
110407883903, 
110407884112, 
110407894200, 
110407894365, 
110407904496, 
110407904597, 
110407914726, 
110407915064, 
110407924928, 
110407925258, 
110407935148, 
110407935471, 
110407945370, 
110407945680, 
110407955599, 
110407956089, 
110407965877, 
110407966326, 
110407976107, 
110407976523, 
110407986633, 
110407986732, 
110407996838, 
110407996942, 
110408007057, 
110408007172, 
110408017278, 
110408017387, 
110408027568, 
110408027772, 
110408037899, 
110408038262, 
110408048746, 
110408048883, 
110408058967, 
110408059083, 
110408069903, 
110408070105, 
110408080198, 
110408080309, 
110408090425, 
110408090538, 
110408100673, 
110408101112, 
110408110927, 
110408111520, 
110408121337, 
110408121668, 
110408131817, 
110408131971, 
110408142562, 
110408142765, 
110408152845, 
110408153019, 
110408163275, 
110408163481, 
110408173679, 
110408173848, 
110408184124, 
110408184421, 
110408194505, 
110408194663, 
110408204742, 
110408204898, 
110408215293, 
110408215483, 
110408225673, 
110408225777, 
110408235886, 
110408236013, 
110408246128, 
110408246236, 
110408256426, 
110408256610, 
110408266726, 
110408266831, 
110408276995, 
110408277191, 
110408287273, 
110408287465, 
110408297574, 
110408297685, 
110408307825, 
110408308071, 
110408318146, 
110408318287, 
110408328671, 
110408328789, 
110408338868, 
110408339105, 
110408349434, 
110408349563, 
110408359643, 
110408359742, 
110408370036, 
110408370163, 
110408380239, 
110408380347, 
110408390419, 
110408390507, 
110408400592, 
110408400693, 
110408410769, 
110408410880, 
110408420975, 
110408421108, 
110408431190, 
110408431286, 
110408441393, 
110408441515, 
110408451699, 
110408451789, 
110408461868, 
110408461956, 
110408472038, 
110408472141, 
110408482220, 
110408482618, 
110408492731, 
110408492829, 
110408502901, 
110408502990, 
110408513104, 
110408513230, 
110408523310, 
110408523433, 
110408533509, 
110408533620, 
110408543702, 
110408543818, 
110408553897, 
110408553994, 
110408564467, 
110408564584, 
110408574690, 
110408574802, 
110408584946, 
110408585238, 
110408595403, 
110408595566, 
110408605649, 
110408605780, 
110408615864, 
110408615988, 
110408626067, 
110408626168, 
110408636253, 
110408636368, 
110408646457, 
110408646561, 
110408656747, 
110408656886, 
110408667085, 
110408667188, 
110408677487, 
110408677621, 
110408687890, 
110408687983, 
110408698160, 
110408698269, 
110408708350, 
110408708455, 
110408718531, 
110408718633, 
110408728718, 
110408728828, 
110408738906, 
110408739013, 
110408749267, 
110408749401, 
110408759480, 
110408759584, 
110408769662, 
110408769764, 
110408779847, 
110408779964, 
110408790046, 
110408790159, 
110408800346, 
110408800438, 
110408810523, 
110408810638, 
110408820793, 
110408820923, 
110408831006, 
110408831112, 
110408841193, 
110408841299, 
110408851393, 
110408851502, 
110408861583, 
110408861699, 
110408871877, 
110408872029, 
110408882327, 
110408882586, 
110408892789, 
110408893007, 
110408903381, 
110408903479, 
110408913649, 
110408913832, 
110408923954, 
110408924083, 
110408934182, 
110408934306, 
110408944397, 
110408944519, 
110408954609, 
110408954727, 
110408964915, 
110408965073, 
110408975440, 
110408975563, 
110408985798, 
110408986090, 
110408996171, 
110408996317, 
110409006431, 
110409006697, 
110409016740, 
110409016852, 
110409026932, 
110409027033, 
110409037148, 
110409037267, 
110409047365, 
110409047468, 
110409057578, 
110409057687, 
110409067794, 
110409067905, 
110409078262, 
110409078696, 
110409088821, 
110409089038, 
110409099167, 
110409099944, 
110409110063, 
110409110549, 
110409120518, 
110409120710, 
110409130794, 
110409130962, 
110409141041, 
110409141189, 
110409151269, 
110409151418, 
110409161495, 
110409161638, 
110409171736, 
110409171844, 
110409181926, 
110409182036, 
110409193115, 
110409193305, 
110409203432, 
110409204317, 
110409213769, 
110409214533, 
110409224080, 
110409224699, 
110409234288, 
110409235448, 
110409244765, 
110409245849, 
110409254940, 
110409256058, 
110409265146, 
110409266511, 
110409275368, 
110409276872, 
110409285846, 
110409287250, 
110409296139, 
110409297525, 
110409306522, 
110409307907, 
110409316755, 
110409318179, 
110409326981, 
110409328789, 
110409337337, 
110409339185, 
110409347566, 
110409349389, 
110409357906, 
110409359621, 
110409368165, 
110409369812, 
110409378768, 
110409379969, 
110409389411, 
110409390168, 
110409399780, 
110409400327, 
110409410002, 
110409410540, 
110409420213, 
110409420855, 
110409430450, 
110409431056, 
110409440653, 
110409441246, 
110409450874, 
110409451403, 
110409461075, 
110409461594, 
110409471303, 
110409471953, 
110409481776, 
110409482132, 
110409492027, 
110409492437, 
110409502551, 
110409502648, 
110409512756, 
110409512867, 
110409522975, 
110409523077, 
110409533279, 
110409533419, 
110409543501, 
110409543654, 
110409553733, 
110409553870, 
110409564523, 
110409564686, 
110409574766, 
110409574899, 
110409584978, 
110409585131, 
110409595211, 
110409595395, 
110409605509, 
110409605612, 
110409615721, 
110409615837, 
110409625941, 
110409626033, 
110409636422, 
110409636628, 
110409646712, 
110409646869, 
110409657032, 
110409657206, 
110409667291, 
110409667458, 
110409677624, 
110409677726, 
110409687846, 
110409687978, 
110409698073, 
110409698187, 
110409708352, 
110409708509, 
110409718589, 
110409718737, 
110409728938, 
110409730341, 
110409740423, 
110409740575, 
110409750817, 
110409750999, 
110409761115, 
110409761272, 
110409771450, 
110409771623, 
110409781715, 
110409781909, 
110409792022, 
110409792141, 
110409802250, 
110409802356, 
110409812467, 
110409812562, 
110409822666, 
110409822812, 
110409832888, 
110409832979, 
110409843190, 
110409843315, 
110409853394, 
110409853501, 
110409863574, 
110409863666, 
110409873745, 
110409873856, 
110409883932, 
110409884043, 
110409894236, 
110409894376, 
110409904456, 
110409904553, 
110409914748, 
110409914887, 
110409924967, 
110409925067, 
110409935142, 
110409935243, 
110409945325, 
110409945434, 
110409955510, 
110409955614, 
110409965928, 
110409966130, 
110409976209, 
110409976309, 
110409986467, 
110409986606, 
110409996692, 
110409996809, 
110410006886, 
110410007007, 
110410017086, 
110410017279, 
110410027267, 
110410027441, 
110410037528, 
110410037642, 
110410047722, 
110410047835, 
110410057964, 
110410058090, 
110410068165, 
110410068272, 
110410078346, 
110410078446, 
110410088530, 
110410088634, 
110410098741, 
110410098859, 
110410108943, 
110410109049, 
110410119129, 
110410119268, 
110410129402, 
110410129513, 
110410139596, 
110410139713, 
110410149797, 
110410149897, 
110410159980, 
110410160096, 
110410170179, 
110410170353, 
110410180446, 
110410180562, 
110410190650, 
110410190775, 
110410200870, 
110410201129, 
110410211427, 
110410211606, 
110410221762, 
110410221947, 
110410232030, 
110410232182, 
110410242394, 
110410242553, 
110410252634, 
110410252780, 
110410262860, 
110410263024, 
110410273104, 
110410273269, 
110410283384, 
110410283495, 
110410293667, 
110410293831, 
110410303908, 
110410304041, 
110410314120, 
110410314272, 
110410324353, 
110410324512, 
110410334759, 
110410334911, 
110410344991, 
110410345132, 
110410355212, 
110410355396, 
110410365589, 
110410366019, 
110410376097, 
110410376247, 
110410386374, 
110410386493, 
110410396822, 
110410396985, 
110410407195, 
110410407295, 
110410417435, 
110410417730, 
110410427641, 
110410427926, 
110410437866, 
110410438102, 
110410448182, 
110410448324, 
110410458597, 
110410458779, 
110410468915, 
110410469022, 
110410479217, 
110410479391, 
110410489473, 
110410489647, 
110410499757, 
110410499863, 
110410509973, 
110410510083, 
110410520189, 
110410520288, 
110410530434, 
110410530610, 
110410540642, 
110410540752, 
110410551028, 
110410551375, 
110410561466, 
110410561567, 
110410571681, 
110410571788, 
110410581907, 
110410582704, 
110410592107, 
110410592859, 
110410602332, 
110410603062, 
110410612565, 
110410613271, 
110410622812, 
110410623577, 
110410633168, 
110410633778, 
110410643605, 
110410644128, 
110410653820, 
110410654305, 
110410663995, 
110410664464, 
110410674281, 
110410674882, 
110410684505, 
110410685075, 
110410694699, 
110410695654, 
110410704900, 
110410705854, 
110410715168, 
110410716029, 
110410726110, 
110410726224, 
110410736304, 
110410736396, 
110410746730, 
110410746818, 
110410756895, 
110410757003, 
110410767078, 
110410767179, 
110410777346, 
110410777435, 
110410787534, 
110410787650, 
110410797735, 
110410797858, 
110410807939, 
110410808262, 
110410818500, 
110410818615, 
110410828693, 
110410828799, 
110410838881, 
110410838992, 
110410849076, 
110410849185, 
110410859315, 
110410859461, 
110410869544, 
110410869644, 
110410879746, 
110410879878, 
110410889966, 
110410890081, 
110410900173, 
110410900305, 
110410910395, 
110410910516, 
110410920608, 
110410920724, 
110410930865, 
110410931023, 
110410941108, 
110410941245, 
110410951560, 
110410951725, 
110410961806, 
110410961922, 
110410972001, 
110410972123, 
110410982202, 
110410982313, 
110410992400, 
110410992657, 
110411002878, 
110411003003, 
110411013086, 
110411013223, 
110411023451, 
110411023651, 
110411033736, 
110411033866, 
110411043956, 
110411044157, 
110411054242, 
110411054352, 
110411064440, 
110411064544, 
110411074638, 
110411074754, 
110411085194, 
110411085332, 
110411095509, 
110411095642, 
110411105725, 
110411105840, 
110411116122, 
110411116275, 
110411126361, 
110411127462, 
110411136560, 
110411137896, 
110411146766, 
110411148253, 
110411157004, 
110411158721, 
110411167240, 
110411169121, 
110411177489, 
110411179298, 
110411187733, 
110411189509, 
110411198009, 
110411199731, 
110411208233, 
110411209928, 
110411218495, 
110411220130, 
110411228708, 
110411230561, 
110411238921, 
110411240761, 
110411249085, 
110411250918, 
110411259355, 
110411261119, 
110411269564, 
110411271334, 
110411279732, 
110411281527, 
110411289989, 
110411291733, 
110411300204, 
110411302058, 
110411310437, 
110411312318, 
110411320654, 
110411322484, 
110411330878, 
110411332915, 
110411341088, 
110411343110, 
110411351292, 
110411353385, 
110411361545, 
110411364355, 
110411371733, 
110411374683, 
110411381919, 
110411384871, 
110411392113, 
110411396487, 
110411402441, 
110411406773, 
110411412806, 
110411416983, 
110411423018, 
110411427299, 
110411433231, 
110411437561, 
110411443443, 
110411447808, 
110411453752, 
110411458046, 
110411463995, 
110411468302, 
110411474340, 
110411478623, 
110411484603, 
110411488917, 
110411494855, 
110411499192, 
110411505079, 
110411509618, 
110411515273, 
110411519823, 
110411525490, 
110411529995, 
110411535699, 
110411540471, 
110411545980, 
110411550677, 
110411556192, 
110411560830, 
110411566467, 
110411571069, 
110411576658, 
110411581276, 
110411586851, 
110411591553, 
110411597057, 
110411601842, 
110411607539, 
110411612096, 
110411617719, 
110411622332, 
110411627935, 
110411632662, 
110411638210, 
110411642895, 
110411648586, 
110411653262, 
110411659259, 
110411663582, 
110411669618, 
110411673826, 
110411679845, 
110411684033, 
110411690032, 
110411694271, 
110411700240, 
110411704450, 
110411710429, 
110411714680, 
110411720641, 
110411724861, 
110411730915, 
110411735070, 
110411741143, 
110411745368, 
110411751352, 
110411755601, 
110411761550, 
110411765788, 
110411771747, 
110411775971, 
110411781941, 
110411786174, 
110411792235, 
110411796426, 
110411802501, 
110411806675, 
110411812745, 
110411816973, 
110411822945, 
110411827210, 
110411833146, 
110411837421, 
110411843355, 
110411847607, 
110411853732, 
110411857810, 
110411863917, 
110411868020, 
110411874187, 
110411878373, 
110411884406, 
110411888616, 
110411894612, 
110411898835, 
110411904798, 
110411909034, 
110411914998, 
110411919246, 
110411925223, 
110411929441, 
110411935500, 
110411939638, 
110411945739, 
110411949842, 
110411955968, 
110411960106, 
110411966191, 
110411970328, 
110411976413, 
110411980520, 
110411986637, 
110411991027, 
110411996898, 
110412001223, 
110412007188, 
110412011400, 
110412018012, 
110412021686, 
110412028237, 
110412032023, 
110412038783, 
110412042278, 
110412050231, 
110412052711, 
110412060972, 
110412062997, 
110412071550, 
110412073320, 
110412082432, 
110412083604, 
110412092723, 
110412094052, 
110412103177, 
110412104258, 
110412113438, 
110412114472, 
110412123687, 
110412124823, 
110412133988, 
110412135091, 
110412144203, 
110412145368, 
110412154418, 
110412155785, 
110412164636, 
110412166002, 
110412174903, 
110412176204, 
110412185135, 
110412186429, 
110412195579, 
110412196757, 
110412205898, 
110412206934, 
110412216113, 
110412217165, 
110412226464, 
110412227353, 
110412236732, 
110412237508, 
110412247246, 
110412247701, 
110412257489, 
110412258052, 
110412267799, 
110412268348, 
110412278025, 
110412278850, 
110412289311, 
110412291516, 
110412301432, 
110412302161, 
110412311714, 
110412312457, 
110412321934, 
110412322656, 
110412332151, 
110412332961, 
110412342571, 
110412343126, 
110412352850, 
110412353417, 
110412363085, 
110412363611, 
110412373303, 
110412373759, 
110412383529, 
110412383962, 
110412393754, 
110412394146, 
110412404062, 
110412404367, 
110412414278, 
110412414681, 
110412424518, 
110412424905, 
110412434718, 
110412435053, 
110412445141, 
110412445233, 
110412455379, 
110412455488, 
110412465566, 
110412465665, 
110412475749, 
110412475859, 
110412485938, 
110412486044, 
110412496250, 
110412496354, 
110412506440, 
110412506550, 
110412516626, 
110412516713, 
110412526789, 
110412526894, 
110412537031, 
110412537133, 
110412547655, 
110412547733, 
110412557810, 
110412557909, 
110412568043, 
110412568175, 
110412578252, 
110412578350, 
110412588428, 
110412588550, 
110412598709, 
110412598808, 
110412608882, 
110412609018, 
110412619092, 
110412619197, 
110412629267, 
110412629353, 
110412639937, 
110412640030, 
110412650107, 
110412650212, 
110412660897, 
110412661009, 
110412671084, 
110412671392, 
110412681244, 
110412681520, 
110412691405, 
110412691662, 
110412701665, 
110412701769, 
110412711856, 
110412711983, 
110412722059, 
110412722160, 
110412732719, 
110412732835, 
110412742977, 
110412743076, 
110412753503, 
110412753638, 
110412763764, 
110412763867, 
110412773944, 
110412774125, 
110412784249, 
110412784344, 
110412794417, 
110412794518, 
110412804597, 
110412804756, 
110412814831, 
110412814934, 
110412825049, 
110412825179, 
110412835258, 
110412835408, 
110412845481, 
110412845583, 
110412855747, 
110412855852, 
110412865927, 
110412866030, 
110412876106, 
110412876217, 
110412886303, 
110412886415, 
110412896555, 
110412896795, 
110412906862, 
110412906979, 
110412917065, 
110412917197, 
110412927422, 
110412927542, 
110412937668, 
110412937788, 
110412947870, 
110412947994, 
110412958078, 
110412958193, 
110412968314, 
110412968452, 
110412978533, 
110412978635, 
110412988715, 
110412988848, 
110412998923, 
110412999018, 
110413009094, 
110413009198, 
110413019279, 
110413019376, 
110413029453, 
110413029555, 
110413039697, 
110413039838, 
110413049916, 
110413049996, 
110413060071, 
110413060164, 
110413070236, 
110413070440, 
110413080512, 
110413080601, 
110413090679, 
110413090778, 
110413100867, 
110413100996, 
110413111316, 
110413111435, 
110413121517, 
110413121622, 
110413131705, 
110413131831, 
110413141917, 
110413142036, 
110413152169, 
110413152281, 
110413290811, 
110413290936, 
110413301007, 
110413301086, 
110413311158, 
110413311228, 
110413321296, 
110413321355, 
110413331448, 
110413331505, 
110413341577, 
110413341645, 
110413351714, 
110413351771, 
110413361843, 
110413361961, 
110413372032, 
110413372089, 
110413382190, 
110413382263, 
110413392332, 
110413392395, 
110413402497, 
110413402627, 
110413412693, 
110413412753, 
110413422820, 
110413422884, 
110413432952, 
110413433019, 
110413443089, 
110413443154, 
110413453220, 
110413453286, 
110413463355, 
110413463423, 
110413473487, 
110413473549, 
110413483619, 
110413483688, 
110413493754, 
110413493814, 
110413503881, 
110413503940, 
110413514005, 
110413514072, 
110413524167, 
110413524249, 
110413534315, 
110413534379, 
110413544479, 
110413544537, 
110413554604, 
110413554667, 
110413564732, 
110413564793, 
110413574861, 
110413574920, 
110413584988, 
110413585050, 
110413595109, 
110413595186, 
110413605253, 
110413605336, 
110413615402, 
110413615466, 
110413625534, 
110413625601, 
110413635670, 
110413635735, 
110413645935, 
110413646200, 
110413656267, 
110413656334, 
110413666401, 
110413666465, 
110413676546, 
110413676606, 
110413686673, 
110413686733, 
110413696801, 
110413696875, 
110413706942, 
110413707005, 
110413717117, 
110413717344, 
110413727489, 
110413727546, 
110413737613, 
110413737671, 
110413747739, 
110413747800, 
110413757904, 
110413757961, 
110413768157, 
110413768216, 
110413778307, 
110413778372, 
110413788480, 
110413788553, 
110413798598, 
110413798677, 
110413808743, 
110413808824, 
110413818891, 
110413818947, 
110413829030, 
110413829084, 
110413839153, 
110413839244, 
110413849281, 
110413849336, 
110413859402, 
110413859483, 
110413869550, 
110413869617, 
110413879717, 
110413879779, 
110413889848, 
110413889946, 
110413900049, 
110413900134, 
110413910246, 
110413910553, 
110413920621, 
110413920677, 
110413930768, 
110413930824, 
110413940894, 
110413940986, 
110413951300, 
110413951361, 
110413961430, 
110413961495, 
110413971562, 
110413971644, 
110413981735, 
110413982143, 
110413992214, 
110413992317, 
110414002404, 
110414002597, 
110414012729, 
110414012853, 
110414023047, 
110414023253, 
110414033376, 
110414033561, 
110414043589, 
110414043772, 
110414053902, 
110414054117, 
110414064216, 
110414064344, 
110414074524, 
110414074732, 
110414084869, 
110414085041, 
110414095104, 
110414095281, 
110414105366, 
110414105697, 
110414115584, 
110414115921, 
110414125797, 
110414126150, 
110414136047, 
110414136359, 
110414146263, 
110414146441, 
110414156536, 
110414156642, 
110414166749, 
110414166859, 
110414176967, 
110414177072, 
110414187187, 
110414187289, 
110414197525, 
110414197817, 
110414207902, 
110414208070, 
110414218220, 
110414218337, 
110414228448, 
110414228550, 
110414238662, 
110414238784, 
110414248935, 
110414249081, 
110414259159, 
110414259311, 
110414269393, 
110414269543, 
110414279622, 
110414279765, 
110414289850, 
110414290045, 
110414300162, 
110414300574, 
110414310444, 
110414311128, 
110414320680, 
110414321480, 
110414330873, 
110414331651, 
110414341059, 
110414341846, 
110414351379, 
110414352023, 
110414361664, 
110414362175, 
110414371851, 
110414372325, 
110414382304, 
110414382441, 
110414392523, 
110414392623, 
110414402854, 
110414402976, 
110414413055, 
110414413183, 
110414423261, 
110414423361, 
110414433482, 
110414433626, 
110414443712, 
110414443833, 
110414453914, 
110414454047, 
110414464129, 
110414464225, 
110414474380, 
110414474484, 
110414484567, 
110414484682, 
110414494770, 
110414494868, 
110414504953, 
110414505046, 
110414515118, 
110414515196, 
110414525418, 
110414525534, 
110414535611, 
110414535715, 
110414545792, 
110414545881, 
110414556026, 
110414556132, 
110414566205, 
110414566340, 
110414576417, 
110414576528, 
110414586605, 
110414586692, 
110414596933, 
110414597046, 
110414607129, 
110414607235, 
110414617306, 
110414617412, 
110414627487, 
110414627586, 
110414637660, 
110414637940, 
110414648002, 
110414648086, 
110414658157, 
110414658238, 
110414668319, 
110414668432, 
110414678542, 
110414678635, 
110414688708, 
110414688790, 
110414699385, 
110414700192, 
110414710269, 
110414710439, 
110414720521, 
110414720680, 
110414730824, 
110414730948, 
110414741226, 
110414741329, 
110414751448, 
110414751569, 
110414761745, 
110414761981, 
110414772101, 
110414772217, 
110414782311, 
110414782517, 
110414792597, 
110414792742, 
110414802822, 
110414802977, 
110414813058, 
110414813490, 
110414823570, 
110414823665, 
110414833786, 
110414833903, 
110414843997, 
110414844092, 
110414854721, 
110414854909, 
110414865105, 
110414865251, 
110414875465, 
110414875729, 
110414885877, 
110414885978, 
110414896086, 
110414896186, 
110414906308, 
110414906419, 
110414916532, 
110414916640, 
110414926935, 
110414927073, 
110414937169, 
110414937475, 
110414947647, 
110414947833, 
110414958112, 
110414958271, 
110414968433, 
110414968633, 
110414978725, 
110414978903, 
110414989260, 
110414989369, 
110414999483, 
110414999661, 
110415009696, 
110415009792, 
110415020150, 
110415020302, 
110415030379, 
110415030512, 
110415040631, 
110415040840, 
110415050953, 
110415051047, 
110415061269, 
110415061430, 
110415071511, 
110415071642, 
110415081722, 
110415081865, 
110415091946, 
110415092095, 
110415102230, 
110415102353, 
110415112499, 
110415112655, 
110415122737, 
110415122878, 
110415133138, 
110415133320, 
110415143403, 
110415143549, 
110415153633, 
110415154257, 
110415164343, 
110415164472, 
110415174557, 
110415174682, 
110415184768, 
110415184890, 
110415194977, 
110415195086, 
110415205218, 
110415205539, 
110415215622, 
110415215730, 
110415225854, 
110415226056, 
110415236140, 
110415236309, 
110415246540, 
110415246700, 
110415256959, 
110415257129, 
110415267213, 
110415267385, 
110415277512, 
110415277631, 
110415287739, 
110415287858, 
110415298015, 
110415298376, 
110415308465, 
110415308622, 
110415318710, 
110415318897, 
110415329005, 
110415329113, 
110415339220, 
110415339350, 
110415349645, 
110415349746, 
110415359852, 
110415359962, 
110415370300, 
110415370409, 
110415380488, 
110415380591, 
110415390940, 
110415391126, 
110415401210, 
110415401369, 
110415411617, 
110415411680, 
110415421780, 
110415421842, 
110415431980, 
110415432045, 
110415442119, 
110415442261, 
110415452327, 
110415452409, 
110415462479, 
110415462549, 
110415472616, 
110415472676, 
110415482743, 
110415482831, 
110415492899, 
110415492960, 
110415503051, 
110415503108, 
110415513178, 
110415513323, 
110415523382, 
110415523470, 
110415533584, 
110415533735, 
110415543803, 
110415543864, 
110415553932, 
110415553994, 
110415564062, 
110415564148, 
110415574216, 
110415574360, 
110415584387, 
110415584447, 
110415594516, 
110415594607, 
110415604739, 
110415604951, 
110415615021, 
110415615093, 
110415625160, 
110415625246, 
110415635355, 
110415635440, 
110415645511, 
110415645576, 
110415655646, 
110415655715, 
110415665784, 
110415665858, 
110415675938, 
110415676020, 
110415686096, 
110415686187, 
110415696255, 
110415696324, 
110415706549, 
110415706623, 
110415716692, 
110415716757, 
110415726824, 
110415726880, 
110415736951, 
110415737002, 
110415747069, 
110415747127, 
110415757197, 
110415757266, 
110415767428, 
110415767481, 
110415777551, 
110415777759, 
110415787832, 
110415787909, 
110415797986, 
110415798072, 
110415808192, 
110415808256, 
110415818325, 
110415818377, 
110415828444, 
110415828514, 
110415838579, 
110415838632, 
110415848853, 
110415848927, 
110415858993, 
110415859053, 
110415869200, 
110415869270, 
110415879344, 
110415879403, 
110415889590, 
110415889643, 
110415899707, 
110415899758, 
110415909825, 
110415909887, 
110415920028, 
110415920181, 
110415930250, 
110415930304, 
110415940368, 
110415940432, 
110415950497, 
110415950547, 
110415960615, 
110415960676, 
110415970745, 
110415970808, 
110415980879, 
110415980932, 
110415991071, 
110415991489, 
110416001555, 
110416001604, 
110416011667, 
110416011725, 
110416021787, 
110416021843, 
110416031909, 
110416031969, 
110416042034, 
110416042085, 
110416052148, 
110416052205, 
110416062312, 
110416062394, 
110416072463, 
110416072519, 
110416082584, 
110416082647, 
110416092711, 
110416092774, 
110416102842, 
110416102981, 
110416113075, 
110416113200, 
110416123483, 
110416123576, 
110416133657, 
110416134784, 
110416144902, 
110416145002, 
110416155084, 
110416155213, 
110416165297, 
110416165430, 
110416175510, 
110416175616, 
110416185699, 
110416185824, 
110416195906, 
110416196027, 
110416207683, 
110416207893, 
110416217971, 
110416218086, 
110416228174, 
110416228363, 
110416238441, 
110416238562, 
110416248672, 
110416248810, 
110416258889, 
110416259005, 
110416269092, 
110416269243, 
110416279318, 
110416279422, 
110416289499, 
110416289602, 
110416299684, 
110416299794, 
110416309873, 
110416309998, 
110416320189, 
110416320323, 
110416330590, 
110416330755, 
110416341146, 
110416341324, 
110416351414, 
110416351571, 
110416361651, 
110416361786, 
110416371868, 
110416372058, 
110416382150, 
110416382272, 
110416392401, 
110416392603, 
110416402686, 
110416402836, 
110416413289, 
110416413475, 
110416423606, 
110416423730, 
110416434178, 
110416434341, 
110416444554, 
110416444725, 
110416454852, 
110416454976, 
110416465290, 
110416465528, 
110416475604, 
110416475753, 
110416485835, 
110416485991, 
110416496071, 
110416496206, 
110416506366, 
110416506495, 
110416516626, 
110416516811, 
110416527059, 
110416527258, 
110416537411, 
110416537521, 
110416547626, 
110416547887, 
110416558305, 
110416558470, 
110416568553, 
110416568708, 
110416578792, 
110416578948, 
110416589033, 
110416589192, 
110416599314, 
110416599459, 
110416609545, 
110416609659, 
110416619787, 
110416620018, 
110416630111, 
110416630247, 
110416640341, 
110416640470, 
110416650559, 
110416650676, 
110416660759, 
110416660868, 
110416671030, 
110416671168, 
110416681251, 
110416681356, 
110416691436, 
110416691578, 
110416701808, 
110416701911, 
110416711989, 
110416712089, 
110416722164, 
110416722261, 
110416732338, 
110416732441, 
110416742605, 
110416742723, 
110416752808, 
110416752998, 
110416763229, 
110416763360, 
110416773439, 
110416773549, 
110416783629, 
110416783725, 
110416793804, 
110416793905, 
110416803986, 
110416804093, 
110416814524, 
110416814640, 
110416824719, 
110416824832, 
110416834922, 
110416835055, 
110416845136, 
110416845233, 
110416855337, 
110416855434, 
110416865516, 
110416865638, 
110416875721, 
110416875827, 
110416886292, 
110416886407, 
110416896497, 
110416896663, 
110416906749, 
110416907032, 
110416917115, 
110416917239, 
110416927415, 
110416927693, 
110416937808, 
110416938356, 
110416948026, 
110416948554, 
110416958240, 
110416959265, 
110416968454, 
110416969459, 
110416978859, 
110416979803, 
110416989077, 
110416990010, 
110416999375, 
110417000244, 
110417009830, 
110417010466, 
110417020055, 
110417020754, 
110417030562, 
110417030952, 
110417040771, 
110417041247, 
110417051187, 
110417051402, 
110417061487, 
110417061649, 
110417071734, 
110417071906, 
110417082025, 
110417082122, 
110417092609, 
110417093384, 
110417103490, 
110417103589, 
110417113798, 
110417113991, 
110417124113, 
110417124234, 
110417134340, 
110417134437, 
110417144569, 
110417144948, 
110417154782, 
110417155108, 
110417165056, 
110417165296, 
110417175291, 
110417175465, 
110417185605, 
110417185742, 
110417195860, 
110417195963, 
110417206048, 
110417206180, 
110417216260, 
110417216359, 
110417226469, 
110417226577, 
110417236922, 
110417237020, 
110417247107, 
110417247213, 
110417257329, 
110417257459, 
110417267566, 
110417267738, 
110417277960, 
110417279421, 
110417289502, 
110417289648, 
110417299808, 
110417299952, 
110417310040, 
110417310150, 
110417320246, 
110417320373, 
110417330464, 
110417330566, 
110417340675, 
110417340823, 
110417350898, 
110417351005, 
110417361102, 
110417361218, 
110417371404, 
110417371562, 
110417381645, 
110417381788, 
110417391964, 
110417392087, 
110417402167, 
110417402273, 
110417412380, 
110417412506, 
110417422596, 
110417422710, 
110417432795, 
110417432899, 
110417443074, 
110417443262, 
110417453532, 
110417453692, 
110417463889, 
110417464132, 
110417474304, 
110417474461, 
110417484536, 
110417484704, 
110417494782, 
110417494960, 
110417505211, 
110417505377, 
110417515539, 
110417515653, 
110417525749, 
110417525846, 
110417535963, 
110417536098, 
110417546180, 
110417546291, 
110417556464, 
110417556600, 
110417566679, 
110417566788, 
110417576867, 
110417576965, 
110417587047, 
110417587159, 
110417597240, 
110417597331, 
110417607609, 
110417607802, 
110417617893, 
110417618016, 
110417628102, 
110417628236, 
110417638324, 
110417638451, 
110417648536, 
110417648667, 
110417658752, 
110417658930, 
110417669200, 
110417669324, 
110417679535, 
110417679690, 
110417689931, 
110417690095, 
110417700204, 
110417700357, 
110417710444, 
110417710557, 
110417720638, 
110417720756, 
110417730840, 
110417730957, 
110417741043, 
110417741159, 
110417751655, 
110417751755, 
110417761949, 
110417762051, 
110417772412, 
110417772568, 
110417782654, 
110417782786, 
110417792972, 
110417793107, 
110417803191, 
110417803280, 
110417813361, 
110417813442, 
110417823522, 
110417823632, 
110417833709, 
110417833817, 
110417843997, 
110417844097, 
110417854176, 
110417854282, 
110417864527, 
110417864640, 
110417874720, 
110417874813, 
110417884892, 
110417884983, 
110417895071, 
110417895159, 
110417905231, 
110417905348, 
110417915585, 
110417915732, 
110417925809, 
110417925917, 
110417936173, 
110417936268, 
110417946360, 
110417946468, 
110417956564, 
110417956671, 
110417966750, 
110417966860, 
110417976989, 
110417977078, 
110417987650, 
110417988166, 
110417998252, 
110417998344, 
110418008507, 
110418008780, 
110418018871, 
110418018955, 
110418029038, 
110418029169, 
110418039247, 
110418039343, 
110418049417, 
110418049499, 
110418059572, 
110418059649, 
110418069737, 
110418069827, 
110418080078, 
110418080235, 
110418090312, 
110418090645, 
110418100491, 
110418100956, 
110418110691, 
110418111112, 
110418120852, 
110418121241, 
110418131005, 
110418131376, 
110418141195, 
110418141520, 
110418151412, 
110418151660, 
110418161620, 
110418161800, 
110418171823, 
110418172036, 
110418182117, 
110418182235, 
110418192321, 
110418192434, 
110418203189, 
110418203442, 
110418213527, 
110418213657, 
110418223916, 
110418224021, 
110418234192, 
110418234367, 
110418244602, 
110418244689, 
110418254764, 
110418254871, 
110418265004, 
110418265121, 
110418275196, 
110418275325, 
110418285414, 
110418285528, 
110418295613, 
110418295736, 
110418305832, 
110418306006, 
110418316154, 
110418316314, 
110418326384, 
110418326494, 
110418336624, 
110418336762, 
110418346846, 
110418346991, 
110418357076, 
110418357216, 
110418367309, 
110418367444, 
110418377574, 
110418377688, 
110418387773, 
110418387894, 
110418398120, 
110418398325, 
110418408631, 
110418408752, 
110418418835, 
110418418973, 
110418429236, 
110418429379, 
110418439464, 
110418439596, 
110418449677, 
110418449798, 
110418459877, 
110418459997, 
110418470076, 
110418470192, 
110418480274, 
110418480396, 
110418490612, 
110418490860, 
110418501240, 
110418501379, 
110418511461, 
110418511571, 
110418521651, 
110418521757, 
110418531849, 
110418531969, 
110418542064, 
110418542181, 
110418552258, 
110418552367, 
110418562449, 
110418562578, 
110418572711, 
110418572845, 
110418582929, 
110418583035, 
110418593371, 
110418593545, 
110418603616, 
110418603722, 
110418613805, 
110418613901, 
110418623991, 
110418624101, 
110418634198, 
110418634294, 
110418644543, 
110418644643, 
110418654724, 
110418654854, 
110418665003, 
110418665348, 
110418675480, 
110418675580, 
110418685658, 
110418685779, 
110418695862, 
110418695996, 
110418706087, 
110418706208, 
110418716368, 
110418716471, 
110418726556, 
110418726665, 
110418736839, 
110418736974, 
110418747059, 
110418747195, 
110418757279, 
110418757400, 
110418767482, 
110418767607, 
110418777918, 
110418778032, 
110418788175, 
110418788339, 
110418798524, 
110418798663, 
110418809085, 
110418809204, 
110418819296, 
110418819417, 
110418829577, 
110418829727, 
110418839810, 
110418839933, 
110418850022, 
110418850149, 
110418860232, 
110418860365, 
110418870447, 
110418870573, 
110418880745, 
110418880887, 
110418891114, 
110418891233, 
110418901363, 
110418901517, 
110418911606, 
110418911751, 
110418922092, 
110418922222, 
110418932308, 
110418932427, 
110418942512, 
110418942623, 
110418952711, 
110418952826, 
110418962915, 
110418963034, 
110418973216, 
110418973581, 
110418983901, 
110418984020, 
110418994164, 
110418994299, 
110419004393, 
110419004584, 
110419014667, 
110419014794, 
110419024876, 
110419025007, 
110419035090, 
110419035220, 
110419045492, 
110419045593, 
110419055678, 
110419055809, 
110419065939, 
110419066119, 
110419076203, 
110419076339, 
110419086421, 
110419086561, 
110419096656, 
110419096930, 
110419106998, 
110419107139, 
110419117220, 
110419117347, 
110419127432, 
110419127568, 
110419137696, 
110419137840, 
110419147924, 
110419148052, 
110419158136, 
110419158268, 
110419168352, 
110419168488, 
110419178609, 
110419178708, 
110419188785, 
110419188905, 
110419198984, 
110419199110, 
110419209424, 
110419209563, 
110419219645, 
110419219793, 
110419229987, 
110419230573, 
110419240657, 
110419240802, 
110419250888, 
110419251418, 
110419261503, 
110419261629, 
110419271710, 
110419271832, 
110419281916, 
110419282053, 
110419292134, 
110419292275, 
110419302384, 
110419302591, 
110419312714, 
110419312887, 
110419323152, 
110419323304, 
110419333388, 
110419333507, 
110419343591, 
110419343723, 
110419353809, 
110419353964, 
110419364021, 
110419364155, 
110419374237, 
110419374359, 
110419384447, 
110419384591, 
110419394773, 
110419394917, 
110419405010, 
110419405131, 
110419415218, 
110419415364, 
110419425477, 
110419425864, 
110419435671, 
110419436118, 
110419445897, 
110419446285, 
110419456102, 
110419456448, 
110419466359, 
110419466806, 
110419476834, 
110419476942, 
110419487036, 
110419487164, 
110419497242, 
110419497341, 
110419507419, 
110419507524, 
110419517606, 
110419517708, 
110419527787, 
110419527895, 
110419538071, 
110419538206, 
110419548287, 
110419548380, 
110419558455, 
110419558558, 
110419568648, 
110419568780, 
110419578861, 
110419578964, 
110419589050, 
110419589163, 
110419599254, 
110419599379, 
110419609542, 
110419609683, 
110419619772, 
110419619876, 
110419629960, 
110419630097, 
110419640429, 
110419640519, 
110419650594, 
110419650685, 
110419660787, 
110419660893, 
110419670967, 
110419671055, 
110419681350, 
110419681465, 
110419691690, 
110419691806, 
110419702033, 
110419702151, 
110419712241, 
110419712351, 
110419722430, 
110419722525, 
110419732785, 
110419732901, 
110419742986, 
110419743107, 
110419753241, 
110419753352, 
110419763563, 
110419763684, 
110419773991, 
110419774573, 
110419784654, 
110419784837, 
110419795037, 
110419795171, 
110419805397, 
110419805505, 
110419815580, 
110419815682, 
110419825759, 
110419825864, 
110419835942, 
110419836038, 
110419846338, 
110419846433, 
110419856511, 
110419856614, 
110419866712, 
110419866836, 
110419876917, 
110419877019, 
110419887093, 
110419887186, 
110419897262, 
110419897352, 
110419907425, 
110419907517, 
110419917714, 
110419917811, 
110419927966, 
110419928045, 
110419938134, 
110419938248, 
110419948326, 
110419948413, 
110419958486, 
110419958573, 
110419968647, 
110419968728, 
110419978854, 
110419978942, 
110419989135, 
110419989435, 
110419999510, 
110419999604, 
110420009722, 
110420009862, 
110420019946, 
110420020054, 
110420030132, 
110420030235, 
110420040478, 
110420040580, 
110420050657, 
110420050762, 
110420060836, 
110420060926, 
110420071002, 
110420071090, 
110420081393, 
110420081497, 
110420091578, 
110420091680, 
110420101756, 
110420101843, 
110420112004, 
110420112107, 
110420122260, 
110420122365, 
110420132446, 
110420132545, 
110420142625, 
110420142721, 
110420152878, 
110420153006, 
110420163091, 
110420163195, 
110420173275, 
110420173381, 
110420183460, 
110420183553, 
110420193646, 
110420193742, 
110420203845, 
110420203983, 
110420214059, 
110420214169, 
110420224495, 
110420224794, 
110420234877, 
110420234973, 
110420245052, 
110420245178, 
110420255258, 
110420255389, 
110420265472, 
110420265604, 
110420275679, 
110420275768, 
110420285993, 
110420286098, 
110420296253, 
110420296403, 
110420306476, 
110420306566, 
110420317040, 
110420317246, 
110420327324, 
110420327411, 
110420337592, 
110420337681, 
110420347758, 
110420347848, 
110420357992, 
110420358078, 
110420368156, 
110420368248, 
110420378326, 
110420378424, 
110420388505, 
110420388618, 
110420398700, 
110420398806, 
110420409087, 
110420409171, 
110420419245, 
110420419338, 
110420429684, 
110420429774, 
110420439907, 
110420440015, 
110420450091, 
110420450515, 
110420460601, 
110420460714, 
110420470790, 
110420470874, 
110420481233, 
110420481344, 
110420491426, 
110420491511, 
110420501593, 
110420501709, 
110420511804, 
110420511906, 
110420521987, 
110420522091, 
110420532242, 
110420532346, 
110420542426, 
110420542508, 
110420552782, 
110420552896, 
110420562976, 
110420563066, 
110420573140, 
110420573232, 
110420583311, 
110420583397, 
110420593472, 
110420593559, 
110420604037, 
110420604127, 
110420614206, 
110420614293, 
110420624445, 
110420624570, 
110420634673, 
110420634763, 
110420644870, 
110420644977, 
110420655055, 
110420655153, 
110420665229, 
110420665352, 
110420675427, 
110420675519, 
110420685597, 
110420685694, 
110420695822, 
110420695943, 
110420706026, 
110420706130, 
110420716206, 
110420716291, 
110420726368, 
110420726466, 
110420736541, 
110420736625, 
110420746848, 
110420746941, 
110420757017, 
110420757126, 
110420767305, 
110420767428, 
110420777598, 
110420777691, 
110420787768, 
110420787851, 
110420797930, 
110420798020, 
110420808099, 
110420808201, 
110420818971, 
110420819072, 
110420829152, 
110420829252, 
110420839800, 
110420839911, 
110420849993, 
110420850103, 
110420860425, 
110420860593, 
110420870669, 
110420870763, 
110420880835, 
110420880927, 
110420891006, 
110420891185, 
110420901263, 
110420901384, 
110420911493, 
110420911604, 
110420921680, 
110420921780, 
110420931869, 
110420931991, 
110420942189, 
110420942375, 
110420952446, 
110420952542, 
110420962615, 
110420962710, 
110420972782, 
110420972875, 
110420983155, 
110420983253, 
110420993332, 
110420993434, 
110421003526, 
110421003654, 
110421013765, 
110421013895, 
110421023978, 
110421024113, 
110421034197, 
110421034302, 
110421044382, 
110421044489, 
110421054573, 
110421054770, 
110421064854, 
110421064986, 
110421075150, 
110421075584, 
110421085668, 
110421085793, 
110421096099, 
110421096220, 
110421106305, 
110421106426, 
110421116504, 
110421116619, 
110421126699, 
110421126806, 
110421136883, 
110421136987, 
110421147083, 
110421147215, 
110421157301, 
110421157415, 
110421167937, 
110421168049, 
110421178136, 
110421178248, 
110421188330, 
110421188452, 
110421198533, 
110421198630, 
110421208717, 
110421208837, 
110421218917, 
110421219104, 
110421229471, 
110421229583, 
110421239904, 
110421240127, 
110421250253, 
110421250357, 
110421260461, 
110421260725, 
110421270806, 
110421270927, 
110421281007, 
110421281121, 
110421291201, 
110421291321, 
110421301496, 
110421301595, 
110421311815, 
110421311995, 
110421322073, 
110421322192, 
110421332613, 
110421332747, 
110421342835, 
110421342962, 
110421353559, 
110421353710, 
110421363796, 
110421363917, 
110421373998, 
110421374103, 
110421384188, 
110421384306, 
110421394388, 
110421394514, 
110421404740, 
110421404881, 
110421414967, 
110421415063, 
110421426230, 
110421426370, 
110421436457, 
110421436628, 
110421446725, 
110421446872, 
110421456958, 
110421457073, 
110421467150, 
110421467246, 
110421477328, 
110421477449, 
110421487532, 
110421487700, 
110421497785, 
110421497957, 
110421508036, 
110421508151, 
110421518344, 
110421518474, 
110421528559, 
110421528663, 
110421538842, 
110421538938, 
110421549044, 
110421549182, 
110421559259, 
110421559348, 
110421569578, 
110421569685, 
110421579773, 
110421579895, 
110421590144, 
110421590275, 
110421600362, 
110421600474, 
110421610555, 
110421610663, 
110421620750, 
110421620883, 
110421630965, 
110421631094, 
110421641176, 
110421641293, 
110421651478, 
110421651682, 
110421662230, 
110421662347, 
110421672428, 
110421672532, 
110421682625, 
110421682767, 
110421692851, 
110421692975, 
110421703056, 
110421703175, 
110421713256, 
110421713367, 
110421723445, 
110421723554, 
110421733647, 
110421733780, 
110421743865, 
110421743961, 
110421754100, 
110421754699, 
110421764782, 
110421764889, 
110421774968, 
110421775085, 
110421785357, 
110421785461, 
110421795540, 
110421795634, 
110421805715, 
110421805817, 
110421815896, 
110421816006, 
110421826606, 
110421826698, 
110421836780, 
110421836885, 
110421846998, 
110421847119, 
110421857201, 
110421857353, 
110421867429, 
110421867537, 
110421877617, 
110421877716, 
110421887793, 
110421887887, 
110421897970, 
110421898072, 
110421908155, 
110421908276, 
110421918357, 
110421918458, 
110421928539, 
110421928642, 
110421938719, 
110421938827, 
110421948904, 
110421949002, 
110421959084, 
110421959171, 
110421969286, 
110421969411, 
110421979493, 
110421979579, 
110421989674, 
110421989786, 
110421999864, 
110421999964, 
110422010040, 
110422010129, 
110422020208, 
110422020303, 
110422030666, 
110422030749, 
110422040918, 
110422041033, 
110422051113, 
110422051204, 
110422061281, 
110422061527, 
110422071668, 
110422071766, 
110422081848, 
110422081951, 
110422092032, 
110422092124, 
110422102227, 
110422102328, 
110422112871, 
110422113082, 
110422123167, 
110422123261, 
110422133352, 
110422133468, 
110422143549, 
110422143648, 
110422153722, 
110422153808, 
110422163883, 
110422163975, 
110422174052, 
110422174154, 
110422184236, 
110422184511, 
110422194594, 
110422194732, 
110422205039, 
110422205139, 
110422215221, 
110422215340, 
110422225412, 
110422225505, 
110422235584, 
110422235674, 
110422245750, 
110422245841, 
110422256174, 
110422256432, 
110422266649, 
110422266818, 
110422276904, 
110422277097, 
110422287222, 
110422287507, 
110422298069, 
110422298210, 
110422308296, 
110422309296, 
110422318993, 
110422319503, 
110422329446, 
110422329625, 
110422339735, 
110422339856, 
110422349960, 
110422350354, 
110422360170, 
110422360670, 
110422370399, 
110422370879, 
110422380626, 
110422381413, 
110422391441, 
110422391633, 
110422401712, 
110422401854, 
110422411961, 
110422412139, 
110422422264, 
110422422379, 
110422432489, 
110422432599, 
110422442703, 
110422442808, 
110422452929, 
110422453025, 
110422463136, 
110422463271, 
110422473399, 
110422473490, 
110422483615, 
110422483836, 
110422493980, 
110422494088, 
110422504194, 
110422504285, 
110422514421, 
110422514818, 
110422524619, 
110422525020, 
110422534844, 
110422535176, 
110422545133, 
110422545455, 
110422555506, 
110422555696, 
110422565781, 
110422565954, 
110422577118, 
110422577260, 
110422587352, 
110422587476, 
110422597642, 
110422597819, 
110422608030, 
110422608186, 
110422618265, 
110422618413, 
110422628497, 
110422628659, 
110422638741, 
110422638906, 
110422649221, 
110422649425, 
110422659464, 
110422659583, 
110422669788, 
110422670105, 
110422680191, 
110422680359, 
110422691468, 
110422691624, 
110422701706, 
110422701837, 
110422711954, 
110422712086, 
110422722164, 
110422722281, 
110422732357, 
110422732456, 
110422742542, 
110422742735, 
110422752854, 
110422753023, 
110422763210, 
110422763335, 
110422773567, 
110422773724, 
110422783950, 
110422784127, 
110422794284, 
110422794406, 
110422804490, 
110422804606, 
110422814711, 
110422814821, 
110422824926, 
110422825044, 
110422835132, 
110422835244, 
110422845372, 
110422845490, 
110422855624, 
110422855821, 
110422865985, 
110422866118, 
110422876203, 
110422876403, 
110422886487, 
110422886661, 
110422896871, 
110422897050, 
110422907133, 
110422907299, 
110422917379, 
110422917516, 
110422927595, 
110422927753, 
110422937872, 
110422937967, 
110422948210, 
110422948505, 
110422958569, 
110422958722, 
110422968799, 
110422968940, 
110422979053, 
110422979219, 
110422989297, 
110422989440, 
110422999772, 
110422999866, 
110423009993, 
110423010093, 
110423020500, 
110423020687, 
110423030764, 
110423030900, 
110423041070, 
110423041191, 
110423051320, 
110423051514, 
110423061493, 
110423061773, 
110423071883, 
110423072096, 
110423082173, 
110423082323, 
110423092537, 
110423092626, 
110423102734, 
110423102828, 
110423113003, 
110423113174, 
110423123253, 
110423123388, 
110423133465, 
110423133607, 
110423143690, 
110423143837, 
110423153917, 
110423154116, 
110423164347, 
110423164474, 
110423174552, 
110423174699, 
110423184782, 
110423185576, 
110423195683, 
110423195800, 
110423206099, 
110423206218, 
110423216318, 
110423216413, 
110423226529, 
110423226639, 
110423236746, 
110423236858, 
110423246957, 
110423247154, 
110423257191, 
110423257302, 
110423267381, 
110423267471, 
110423277632, 
110423277803, 
110423287888, 
110423288328, 
110423298179, 
110423298626, 
110423308444, 
110423308788, 
110423318661, 
110423318981, 
110423328875, 
110423329283, 
110423339090, 
110423339491, 
110423349311, 
110423350195, 
110423359528, 
110423360422, 
110423370146, 
110423370756, 
110423380427, 
110423380963, 
110423390678, 
110423391257, 
110423400974, 
110423401664, 
110423411398, 
110423411881, 
110423421615, 
110423422096, 
110423431824, 
110423432497, 
110423442227, 
110423442722, 
110423452464, 
110423453203, 
110423462942, 
110423463417, 
110423473389, 
110423473621, 
110423483614, 
110423483780, 
110423493863, 
110423494013, 
110423504127, 
110423504229, 
110423514349, 
110423514455, 
110423524568, 
110423524681, 
110423534821, 
110423535007, 
110423545094, 
110423545232, 
110423555357, 
110423555736, 
110423565825, 
110423565935, 
110423576043, 
110423576150, 
110423586263, 
110423586373, 
110423596521, 
110423596692, 
110423606911, 
110423607108, 
110423617188, 
110423617328, 
110423627510, 
110423627649, 
110423637733, 
110423637829, 
110423648002, 
110423648154, 
110423658233, 
110423658387, 
110423668465, 
110423668623, 
110423678701, 
110423678847, 
110423689096, 
110423689264, 
110423699411, 
110423699550, 
110423709638, 
110423709751, 
110423720132, 
110423720704, 
110423730970, 
110423731144, 
110423741706, 
110423741841, 
110423751930, 
110423752042, 
110423762143, 
110423762265, 
110423772352, 
110423772467, 
110423782818, 
110423782972, 
110423793057, 
110423793270, 
110423803393, 
110423803517, 
110423814166, 
110423814338, 
110423824472, 
110423824579, 
110423834957, 
110423835140, 
110423845266, 
110423845427, 
110423855506, 
110423855609, 
110423865712, 
110423866154, 
110423875907, 
110423876322, 
110423886159, 
110423886530, 
110423896431, 
110423896694, 
110423906699, 
110423906884, 
110423917023, 
110423917205, 
110423927467, 
110423927630, 
110423937850, 
110423937990, 
110423948163, 
110423948289, 
110423958372, 
110423958502, 
110423968582, 
110423968700, 
110423978779, 
110423978904, 
110423988993, 
110423989129, 
110423999441, 
110423999592, 
110424009688, 
110424009822, 
110424019908, 
110424020021, 
110424030113, 
110424030232, 
110424040322, 
110424040455, 
110424050604, 
110424050716, 
110424060796, 
110424060909, 
110424071027, 
110424071184, 
110424081260, 
110424081397, 
110424091484, 
110424091627, 
110424101757, 
110424101897, 
110424111978, 
110424112401, 
110424122480, 
110424122586, 
110424132669, 
110424132830, 
110424143070, 
110424143197, 
110424153286, 
110424153373, 
110424163507, 
110424163623, 
110424173809, 
110424173928, 
110424184012, 
110424184139, 
110424194228, 
110424194345, 
110424204422, 
110424204513, 
110424214625, 
110424214750, 
110424224837, 
110424224922, 
110424235147, 
110424235271, 
110424245352, 
110424245460, 
110424255535, 
110424255630, 
110424265747, 
110424265938, 
110424276016, 
110424276122, 
110424286258, 
110424286369, 
110424296449, 
110424296567, 
110424306706, 
110424306833, 
110424316995, 
110424317133, 
110424327211, 
110424327323, 
110424337418, 
110424337736, 
110424347891, 
110424348068, 
110424358263, 
110424358396, 
110424368482, 
110424368598, 
110424378724, 
110424378857, 
110424389031, 
110424389141, 
110424399236, 
110424399462, 
110424409544, 
110424409661, 
110424419740, 
110424419860, 
110424429964, 
110424430070, 
110424440152, 
110424440274, 
110424450450, 
110424450657, 
110424460794, 
110424460979, 
110424471075, 
110424471266, 
110424481393, 
110424481518, 
110424491618, 
110424491742, 
110424501826, 
110424501944, 
110424512051, 
110424512155, 
110424522362, 
110424522523, 
110424532604, 
110424532757, 
110424542957, 
110424543136, 
110424553223, 
110424553380, 
110424563578, 
110424563753, 
110424573838, 
110424573989, 
110424584244, 
110424584405, 
110424594632, 
110424594787, 
110424604867, 
110424605026, 
110424615108, 
110424615261, 
110424625341, 
110424625481, 
110424635611, 
110424635754, 
110424645836, 
110424645952, 
110424656055, 
110424656160, 
110424666262, 
110424666371, 
110424676486, 
110424676581, 
110424686692, 
110424686815, 
110424697007, 
110424697142, 
110424707266, 
110424707665, 
110424718130, 
110424718224, 
110424728346, 
110424728472, 
110424738580, 
110424738684, 
110424748787, 
110424748886, 
110424758992, 
110424759133, 
110424769212, 
110424769312, 
110424779430, 
110424779539, 
110424789642, 
110424789914, 
110424799855, 
110424800078, 
110424810068, 
110424810309, 
110424820419, 
110424820563, 
110424830828, 
110424831037, 
110424841192, 
110424841359, 
110424851439, 
110424851590, 
110424861701, 
110424861898, 
110424872043, 
110424872206, 
110424882286, 
110424882436, 
110424892520, 
110424892699, 
110424902844, 
110424903090, 
110424913339, 
110424913490, 
110424923570, 
110424923716, 
110424933796, 
110424933949, 
110424944185, 
110424944531, 
110424954605, 
110424954738, 
110424964819, 
110424964986, 
110424975064, 
110424975220, 
110424985297, 
110424985471, 
110424995576, 
110424995687, 
110425005850, 
110425005935, 
110425016015, 
110425016326, 
110425026424, 
110425026536, 
110425036696, 
110425036892, 
110425046971, 
110425047126, 
110425057294, 
110425057420, 
110425067720, 
110425067812, 
110425077908, 
110425078046, 
110425088126, 
110425088227, 
110425098342, 
110425098437, 
110425108751, 
110425108983, 
110425119055, 
110425119197, 
110425129292, 
110425129475, 
110425139589, 
110425139680, 
110425149762, 
110425150162, 
