timestamp,adc_ch0,adc_ch1,adc_ch2,adc_ch3
104512385761,0,0,0,9131167
104512385761,0,0,0,9131849
104512385761,0,0,0,9126047
104512385761,0,0,0,9124511
104512385761,0,0,0,9125193
104512407822,0,0,0,9134750
104512407822,0,0,0,9127412
104512407822,0,0,0,9128607
104512407822,0,0,0,9119391
104512407822,0,0,0,9123657
104512414858,0,0,0,9122975
104512414858,0,0,0,9118367
104512414858,0,0,0,9122804
104512414858,0,0,0,9124681
104512414858,0,0,0,9123316
104512421501,0,0,0,9121951
104512421501,0,0,0,9130825
104512421501,0,0,0,9125535
104512421501,0,0,0,9121951
104512421501,0,0,0,9126559
104512428941,0,0,0,9118879
104512428941,0,0,0,9121951
104512428941,0,0,0,9124852
104512428941,0,0,0,9127071
104512428941,0,0,0,9120756
104512435888,0,0,0,9125364
104512435888,0,0,0,9126388
104512435888,0,0,0,9127412
104512435888,0,0,0,9123145
104512435888,0,0,0,9125193
104512443479,0,0,0,9130655
104512443479,0,0,0,9130313
104512443479,0,0,0,9121268
104512443479,0,0,0,9120756
104512443479,0,0,0,9125535
104512450430,0,0,0,9115465
104512450430,0,0,0,9125364
104512450430,0,0,0,9129119
104512450430,0,0,0,9123657
104512450430,0,0,0,9122463
104512457896,0,0,0,9121268
104512457896,0,0,0,9124681
104512457896,0,0,0,9127412
104512457896,0,0,0,9127241
104512457896,0,0,0,9114441
104512464761,0,0,0,9125705
104512464761,0,0,0,9122975
104512464761,0,0,0,9125535
104512464761,0,0,0,9134068
104512464761,0,0,0,9123316
104512471674,0,0,0,9126217
104512471674,0,0,0,9120756
104512471674,0,0,0,9119732
104512471674,0,0,0,9127924
104512471674,0,0,0,9120073
104512479042,0,0,0,9126388
104512479042,0,0,0,9129972
104512479042,0,0,0,9125705
104512479042,0,0,0,9128607
104512479042,0,0,0,9125705
104512486896,0,0,0,9121609
104512486896,0,0,0,9122633
104512486896,0,0,0,9122121
104512486896,0,0,0,9124852
104512486896,0,0,0,9126729
104512492785,0,0,0,9128948
104512492785,0,0,0,9122121
104512492785,0,0,0,9125876
104512492785,0,0,0,9123145
104512492785,0,0,0,9127241
104512500729,0,0,0,9128436
104512500729,0,0,0,9120415
104512500729,0,0,0,9128948
104512500729,0,0,0,9121439
104512500729,0,0,0,9126559
104512506474,0,0,0,9128436
104512506474,0,0,0,9124169
104512506474,0,0,0,9124340
104512506474,0,0,0,9128607
104512506474,0,0,0,9128095
104512512676,0,0,0,9123487
104512512676,0,0,0,9129289
104512512676,0,0,0,9117684
104512512676,0,0,0,9128607
104512512676,0,0,0,9121097
104512519943,0,0,0,9120244
104512519943,0,0,0,9118196
104512519943,0,0,0,9123999
104512519943,0,0,0,9126047
104512519943,0,0,0,9125876
104512527182,0,0,0,9125535
104512527182,0,0,0,9120756
104512527182,0,0,0,9120415
104512527182,0,0,0,9126729
104512527182,0,0,0,9123145
104512534148,0,0,0,9120585
104512534148,0,0,0,9131849
104512534148,0,0,0,9123999
104512534148,0,0,0,9123828
104512534148,0,0,0,9125364
104512541298,0,0,0,9117684
104512541298,0,0,0,9119561
104512541298,0,0,0,9127241
104512541298,0,0,0,9124169
104512541298,0,0,0,9125364
104512548526,0,0,0,9129460
104512548526,0,0,0,9126900
104512548526,0,0,0,9123999
104512548526,0,0,0,9121609
104512548526,0,0,0,9127412
104512555651,0,0,0,9121609
104512555651,0,0,0,9125876
104512555651,0,0,0,9126900
104512555651,0,0,0,9125023
104512555651,0,0,0,9126388
104512562782,0,0,0,9128436
104512562782,0,0,0,9119732
104512562782,0,0,0,9121268
104512562782,0,0,0,9126047
104512562782,0,0,0,9123316
104512570051,0,0,0,9130996
104512570051,0,0,0,9127583
104512570051,0,0,0,9123145
104512570051,0,0,0,9123487
104512570051,0,0,0,9126559
104512577549,0,0,0,9123999
104512577549,0,0,0,9126559
104512577549,0,0,0,9115295
104512577549,0,0,0,9127412
104512577549,0,0,0,9126900
104512584232,0,0,0,9130996
104512584232,0,0,0,9122633
104512584232,0,0,0,9126047
104512584232,0,0,0,9123145
104512584232,0,0,0,9120244
104512591431,0,0,0,9123657
104512591431,0,0,0,9124169
104512591431,0,0,0,9117172
104512591431,0,0,0,9122975
104512591431,0,0,0,9127412
104512598876,0,0,0,9114953
104512598876,0,0,0,9129119
104512598876,0,0,0,9126388
104512598876,0,0,0,9127924
104512598876,0,0,0,9117855
104512605955,0,0,0,9118196
104512605955,0,0,0,9125023
104512605955,0,0,0,9125023
104512605955,0,0,0,9123145
104512605955,0,0,0,9123487
104512612878,0,0,0,9121609
104512612878,0,0,0,9118537
104512612878,0,0,0,9127241
104512612878,0,0,0,9123316
104512612878,0,0,0,9122804
104512620061,0,0,0,9122121
104512620061,0,0,0,9128436
104512620061,0,0,0,9122633
104512620061,0,0,0,9117684
104512620061,0,0,0,9128607
104512627216,0,0,0,9125364
104512627216,0,0,0,9117855
104512627216,0,0,0,9117684
104512627216,0,0,0,9125705
104512627216,0,0,0,9128777
104512634376,0,0,0,9123828
104512634376,0,0,0,9125705
104512634376,0,0,0,9121268
104512634376,0,0,0,9118367
104512634376,0,0,0,9128777
104512641648,0,0,0,9121780
104512641648,0,0,0,9123316
104512641648,0,0,0,9127924
104512641648,0,0,0,9129460
104512641648,0,0,0,9127241
104512648946,0,0,0,9128265
104512648946,0,0,0,9128607
104512648946,0,0,0,9124511
104512648946,0,0,0,9127753
104512648946,0,0,0,9126388
104512655853,0,0,0,9124340
104512655853,0,0,0,9124340
104512655853,0,0,0,9123657
104512655853,0,0,0,9122804
104512655853,0,0,0,9126217
104512663092,0,0,0,9122121
104512663092,0,0,0,9125705
104512663092,0,0,0,9123487
104512663092,0,0,0,9130313
104512663092,0,0,0,9126900
104512670944,0,0,0,9128436
104512670944,0,0,0,9129289
104512670944,0,0,0,9123145
104512670944,0,0,0,9127071
104512670944,0,0,0,9125535
104512677787,0,0,0,9128607
104512677787,0,0,0,9123999
104512677787,0,0,0,9121951
104512677787,0,0,0,9126047
104512677787,0,0,0,9120756
104512684641,0,0,0,9129289
104512684641,0,0,0,9128607
104512684641,0,0,0,9129631
104512684641,0,0,0,9121609
104512684641,0,0,0,9127753
104512691899,0,0,0,9122121
104512691899,0,0,0,9124681
104512691899,0,0,0,9121609
104512691899,0,0,0,9122804
104512691899,0,0,0,9124340
104512699275,0,0,0,9122804
104512699275,0,0,0,9121951
104512699275,0,0,0,9123828
104512699275,0,0,0,9120415
104512699275,0,0,0,9124681
104512706541,0,0,0,9130143
104512706541,0,0,0,9122292
104512706541,0,0,0,9123487
104512706541,0,0,0,9126388
104512706541,0,0,0,9123828
104512713418,0,0,0,9121609
104512713418,0,0,0,9124340
104512713418,0,0,0,9126388
104512713418,0,0,0,9123487
104512713418,0,0,0,9125023
104512720715,0,0,0,9127924
104512720715,0,0,0,9125705
104512720715,0,0,0,9126559
104512720715,0,0,0,9125876
104512720715,0,0,0,9133215
104512727464,0,0,0,9124169
104512727464,0,0,0,9119561
104512727464,0,0,0,9127583
104512727464,0,0,0,9126047
104512727464,0,0,0,9123145
104512734823,0,0,0,9124511
104512734823,0,0,0,9119903
104512734823,0,0,0,9123316
104512734823,0,0,0,9130996
104512734823,0,0,0,9128265
104512742020,0,0,0,9130143
104512742020,0,0,0,9128265
104512742020,0,0,0,9129460
104512742020,0,0,0,9127924
104512742020,0,0,0,9125193
104512749129,0,0,0,9124852
104512749129,0,0,0,9126559
104512749129,0,0,0,9124340
104512749129,0,0,0,9126388
104512749129,0,0,0,9125876
104512756222,0,0,0,9120927
104512756222,0,0,0,9125193
104512756222,0,0,0,9126047
104512756222,0,0,0,9124340
104512756222,0,0,0,9123999
104512763286,0,0,0,9125193
104512763286,0,0,0,9121780
104512763286,0,0,0,9122121
104512763286,0,0,0,9126388
104512763286,0,0,0,9130825
104512771071,0,0,0,9120927
104512771071,0,0,0,9118025
104512771071,0,0,0,9129460
104512771071,0,0,0,9124511
104512771071,0,0,0,9122463
104512777588,0,0,0,9128265
104512777588,0,0,0,9128095
104512777588,0,0,0,9127412
104512777588,0,0,0,9122633
104512777588,0,0,0,9123145
104512784802,0,0,0,9121097
104512784802,0,0,0,9122121
104512784802,0,0,0,9123657
104512784802,0,0,0,9123316
104512784802,0,0,0,9128607
104512792504,0,0,0,9123999
104512792504,0,0,0,9125193
104512792504,0,0,0,9117513
104512792504,0,0,0,9127071
104512792504,0,0,0,9124511
104512799073,0,0,0,9125364
104512799073,0,0,0,9124852
104512799073,0,0,0,9130825
104512799073,0,0,0,9127753
104512799073,0,0,0,9116831
104512806467,0,0,0,9123828
104512806467,0,0,0,9129289
104512806467,0,0,0,9120927
104512806467,0,0,0,9122633
104512806467,0,0,0,9123487
104512813566,0,0,0,9126900
104512813566,0,0,0,9120927
104512813566,0,0,0,9125705
104512813566,0,0,0,9121439
104512813566,0,0,0,9126047
104512820722,0,0,0,9118367
104512820722,0,0,0,9125705
104512820722,0,0,0,9127241
104512820722,0,0,0,9123657
104512820722,0,0,0,9120927
104512827693,0,0,0,9125535
104512827693,0,0,0,9122463
104512827693,0,0,0,9127241
104512827693,0,0,0,9121268
104512827693,0,0,0,9122804
104512835512,0,0,0,9130313
104512835512,0,0,0,9122975
104512835512,0,0,0,9127071
104512835512,0,0,0,9122292
104512835512,0,0,0,9122633
104512842117,0,0,0,9126900
104512842117,0,0,0,9122121
104512842117,0,0,0,9122804
104512842117,0,0,0,9119391
104512842117,0,0,0,9122463
104512849474,0,0,0,9124852
104512849474,0,0,0,9123828
104512849474,0,0,0,9122292
104512849474,0,0,0,9127753
104512849474,0,0,0,9127924
104512856391,0,0,0,9119220
104512856391,0,0,0,9124852
104512856391,0,0,0,9126900
104512856391,0,0,0,9120415
104512856391,0,0,0,9126729
104512863675,0,0,0,9124511
104512863675,0,0,0,9123657
104512863675,0,0,0,9123316
104512863675,0,0,0,9117343
104512863675,0,0,0,9133044
104512870635,0,0,0,9122975
104512870635,0,0,0,9118196
104512870635,0,0,0,9123828
104512870635,0,0,0,9127241
104512870635,0,0,0,9127412
104512877916,0,0,0,9120927
104512877916,0,0,0,9124511
104512877916,0,0,0,9128265
104512877916,0,0,0,9126047
104512877916,0,0,0,9126729
104512884952,0,0,0,9129119
104512884952,0,0,0,9125193
104512884952,0,0,0,9122804
104512884952,0,0,0,9129289
104512884952,0,0,0,9127583
104512892392,0,0,0,9119732
104512892392,0,0,0,9127071
104512892392,0,0,0,9123657
104512892392,0,0,0,9121609
104512892392,0,0,0,9126559
104512899248,0,0,0,9120756
104512899248,0,0,0,9123999
104512899248,0,0,0,9119732
104512899248,0,0,0,9124681
104512899248,0,0,0,9127583
104512906645,0,0,0,9124852
104512906645,0,0,0,9125364
104512906645,0,0,0,9128607
104512906645,0,0,0,9125535
104512906645,0,0,0,9121097
104512913899,0,0,0,9118537
104512913899,0,0,0,9125364
104512913899,0,0,0,9127071
104512913899,0,0,0,9129289
104512913899,0,0,0,9123999
104512920838,0,0,0,9124169
104512920838,0,0,0,9133726
104512920838,0,0,0,9128607
104512920838,0,0,0,9127924
104512920838,0,0,0,9129119
104512927992,0,0,0,9130313
104512927992,0,0,0,9126217
104512927992,0,0,0,9118537
104512927992,0,0,0,9121439
104512927992,0,0,0,9127924
104512935379,0,0,0,9121780
104512935379,0,0,0,9118879
104512935379,0,0,0,9123828
104512935379,0,0,0,9129631
104512935379,0,0,0,9124852
104512942676,0,0,0,9122463
104512942676,0,0,0,9122121
104512942676,0,0,0,9121609
104512942676,0,0,0,9128607
104512942676,0,0,0,9121780
104512949642,0,0,0,9125876
104512949642,0,0,0,9125193
104512949642,0,0,0,9123828
104512949642,0,0,0,9124169
104512949642,0,0,0,9131679
104512956650,0,0,0,9123487
104512956650,0,0,0,9134238
104512956650,0,0,0,9123828
104512956650,0,0,0,9127924
104512956650,0,0,0,9125193
104512966441,0,0,0,9126388
104512966441,0,0,0,9127583
104512966441,0,0,0,9122292
104512966441,0,0,0,9123828
104512966441,0,0,0,9121097
104512970914,0,0,0,9117513
104512970914,0,0,0,9124169
104512970914,0,0,0,9135262
104512970914,0,0,0,9129631
104512970914,0,0,0,9124681
104512978069,0,0,0,9132873
104512978069,0,0,0,9124169
104512978069,0,0,0,9123828
104512978069,0,0,0,9131679
104512978069,0,0,0,9129119
104512985207,0,0,0,9124169
104512985207,0,0,0,9126559
104512985207,0,0,0,9122463
104512985207,0,0,0,9119049
104512985207,0,0,0,9126047
104512992706,0,0,0,9127071
104512992706,0,0,0,9128777
104512992706,0,0,0,9119220
104512992706,0,0,0,9130655
104512992706,0,0,0,9126729
104512999512,0,0,0,9129972
104512999512,0,0,0,9126047
104512999512,0,0,0,9121268
104512999512,0,0,0,9119049
104512999512,0,0,0,9120927
104513006752,0,0,0,9127924
104513006752,0,0,0,9127412
104513006752,0,0,0,9124340
104513006752,0,0,0,9128777
104513006752,0,0,0,9123316
104513013810,0,0,0,9121780
104513013810,0,0,0,9130484
104513013810,0,0,0,9123657
104513013810,0,0,0,9125023
104513013810,0,0,0,9124852
104513021174,0,0,0,9125364
104513021174,0,0,0,9130996
104513021174,0,0,0,9120415
104513021174,0,0,0,9124681
104513021174,0,0,0,9127071
104513028274,0,0,0,9127241
104513028274,0,0,0,9121780
104513028274,0,0,0,9116148
104513028274,0,0,0,9124169
104513028274,0,0,0,9129972
104513035246,0,0,0,9128607
104513035246,0,0,0,9127583
104513035246,0,0,0,9124681
104513035246,0,0,0,9131337
104513035246,0,0,0,9129289
104513042889,0,0,0,9122292
104513042889,0,0,0,9125535
104513042889,0,0,0,9121609
104513042889,0,0,0,9128436
104513042889,0,0,0,9127924
104513049782,0,0,0,9126217
104513049782,0,0,0,9129289
104513049782,0,0,0,9117172
104513049782,0,0,0,9131508
104513049782,0,0,0,9126559
104513057348,0,0,0,9131849
104513057348,0,0,0,9119391
104513057348,0,0,0,9126900
104513057348,0,0,0,9127241
104513057348,0,0,0,9118537
104513064079,0,0,0,9123657
104513064079,0,0,0,9127412
104513064079,0,0,0,9117684
104513064079,0,0,0,9122463
104513064079,0,0,0,9120756
104513071198,0,0,0,9125535
104513071198,0,0,0,9126729
104513071198,0,0,0,9123657
104513071198,0,0,0,9122633
104513071198,0,0,0,9129119
104513078482,0,0,0,9121097
104513078482,0,0,0,9128436
104513078482,0,0,0,9127583
104513078482,0,0,0,9124681
104513078482,0,0,0,9126900
104513085412,0,0,0,9132191
104513085412,0,0,0,9126047
104513085412,0,0,0,9123145
104513085412,0,0,0,9126217
104513085412,0,0,0,9128095
104513092633,0,0,0,9125535
104513092633,0,0,0,9129119
104513092633,0,0,0,9124340
104513092633,0,0,0,9127924
104513092633,0,0,0,9131679
104513100693,0,0,0,9129289
104513100693,0,0,0,9121439
104513100693,0,0,0,9126047
104513100693,0,0,0,9126900
104513100693,0,0,0,9124511
104513107093,0,0,0,9128777
104513107093,0,0,0,9121780
104513107093,0,0,0,9124681
104513107093,0,0,0,9124169
104513107093,0,0,0,9126388
104513114039,0,0,0,9128607
104513114039,0,0,0,9123657
104513114039,0,0,0,9118025
104513114039,0,0,0,9125193
104513114039,0,0,0,9130313
104513121238,0,0,0,9120585
104513121238,0,0,0,9116148
104513121238,0,0,0,9129631
104513121238,0,0,0,9122804
104513121238,0,0,0,9123828
104513128410,0,0,0,9128607
104513128410,0,0,0,9124169
104513128410,0,0,0,9123487
104513128410,0,0,0,9123657
104513128410,0,0,0,9130143
104513135515,0,0,0,9125193
104513135515,0,0,0,9125193
104513135515,0,0,0,9119732
104513135515,0,0,0,9124340
104513135515,0,0,0,9121268
104513142940,0,0,0,9129801
104513142940,0,0,0,9115295
104513142940,0,0,0,9125364
104513142940,0,0,0,9130313
104513142940,0,0,0,9122463
104513149746,0,0,0,9124511
104513149746,0,0,0,9124340
104513149746,0,0,0,9132020
104513149746,0,0,0,9119903
104513149746,0,0,0,9124340
104513157117,0,0,0,9126047
104513157117,0,0,0,9129801
104513157117,0,0,0,9130484
104513157117,0,0,0,9122121
104513157117,0,0,0,9116148
104513164368,0,0,0,9130825
104513164368,0,0,0,9123999
104513164368,0,0,0,9121780
104513164368,0,0,0,9129460
104513164368,0,0,0,9120927
104513171453,0,0,0,9129289
104513171453,0,0,0,9121439
104513171453,0,0,0,9126047
104513171453,0,0,0,9126388
104513171453,0,0,0,9122975
104513178407,0,0,0,9122804
104513178407,0,0,0,9123316
104513178407,0,0,0,9126729
104513178407,0,0,0,9122292
104513178407,0,0,0,9124511
104513185598,0,0,0,9129289
104513185598,0,0,0,9125364
104513185598,0,0,0,9134580
104513185598,0,0,0,9130655
104513185598,0,0,0,9131337
104513192809,0,0,0,9124852
104513192809,0,0,0,9122121
104513192809,0,0,0,9119903
104513192809,0,0,0,9124681
104513192809,0,0,0,9119732
104513200097,0,0,0,9123999
104513200097,0,0,0,9121951
104513200097,0,0,0,9127071
104513200097,0,0,0,9129801
104513200097,0,0,0,9120585
104513207333,0,0,0,9121951
104513207333,0,0,0,9129289
104513207333,0,0,0,9123316
104513207333,0,0,0,9124511
104513207333,0,0,0,9117855
104513214440,0,0,0,9121439
104513214440,0,0,0,9118708
104513214440,0,0,0,9125364
104513214440,0,0,0,9126729
104513214440,0,0,0,9129289
104513223020,0,0,0,9123828
104513223020,0,0,0,9127412
104513223020,0,0,0,9118537
104513223020,0,0,0,9123316
104513223020,0,0,0,9125876
104513229832,0,0,0,9118367
104513229832,0,0,0,9122292
104513229832,0,0,0,9123145
104513229832,0,0,0,9120415
104513229832,0,0,0,9128265
104513238326,0,0,0,9126900
104513238326,0,0,0,9127071
104513238326,0,0,0,9127412
104513238326,0,0,0,9119049
104513238326,0,0,0,9126047
104513244783,0,0,0,9125193
104513244783,0,0,0,9128777
104513244783,0,0,0,9129289
104513244783,0,0,0,9120927
104513244783,0,0,0,9125876
104513251323,0,0,0,9120244
104513251323,0,0,0,9118708
104513251323,0,0,0,9124340
104513251323,0,0,0,9129289
104513251323,0,0,0,9123316
104513258457,0,0,0,9125876
104513258457,0,0,0,9125023
104513258457,0,0,0,9118708
104513258457,0,0,0,9126729
104513258457,0,0,0,9116148
104513265607,0,0,0,9119049
104513265607,0,0,0,9120585
104513265607,0,0,0,9124852
104513265607,0,0,0,9130484
104513265607,0,0,0,9126900
104513272808,0,0,0,9126388
104513272808,0,0,0,9133215
104513272808,0,0,0,9117684
104513272808,0,0,0,9119561
104513272808,0,0,0,9126047
104513279875,0,0,0,9124852
104513279875,0,0,0,9127753
104513279875,0,0,0,9128265
104513279875,0,0,0,9126900
104513279875,0,0,0,9122804
104513287299,0,0,0,9124169
104513287299,0,0,0,9124852
104513287299,0,0,0,9129972
104513287299,0,0,0,9118879
104513287299,0,0,0,9117513
104513294578,0,0,0,9134750
104513294578,0,0,0,9123828
104513294578,0,0,0,9120244
104513294578,0,0,0,9125876
104513294578,0,0,0,9126388
104513301588,0,0,0,9124681
104513301588,0,0,0,9128948
104513301588,0,0,0,9120927
104513301588,0,0,0,9130484
104513301588,0,0,0,9123487
104513308676,0,0,0,9126217
104513308676,0,0,0,9121951
104513308676,0,0,0,9126900
104513308676,0,0,0,9127583
104513308676,0,0,0,9121439
104513315859,0,0,0,9126047
104513315859,0,0,0,9127071
104513315859,0,0,0,9126047
104513315859,0,0,0,9128948
104513315859,0,0,0,9123316
104513322278,0,0,0,9128095
104513322278,0,0,0,9127071
104513322278,0,0,0,9126217
104513322278,0,0,0,9125023
104513322278,0,0,0,9130996
104513329092,0,0,0,9121780
104513329092,0,0,0,9125705
104513329092,0,0,0,9120927
104513329092,0,0,0,9126729
104513329092,0,0,0,9126559
104513336320,0,0,0,9129460
104513336320,0,0,0,9126729
104513336320,0,0,0,9120073
104513336320,0,0,0,9126047
104513336320,0,0,0,9128095
104513343886,0,0,0,9126047
104513343886,0,0,0,9123487
104513343886,0,0,0,9132703
104513343886,0,0,0,9132191
104513343886,0,0,0,9123316
104513350592,0,0,0,9117684
104513350592,0,0,0,9126047
104513350592,0,0,0,9124511
104513350592,0,0,0,9132020
104513350592,0,0,0,9124340
104513357958,0,0,0,9121951
104513357958,0,0,0,9122975
104513357958,0,0,0,9128777
104513357958,0,0,0,9123828
104513357958,0,0,0,9126900
104513365088,0,0,0,9123828
104513365088,0,0,0,9126388
104513365088,0,0,0,9128095
104513365088,0,0,0,9125876
104513365088,0,0,0,9120415
104513372038,0,0,0,9123145
104513372038,0,0,0,9128607
104513372038,0,0,0,9129801
104513372038,0,0,0,9116319
104513372038,0,0,0,9128777
104513379416,0,0,0,9127924
104513379416,0,0,0,9128436
104513379416,0,0,0,9128948
104513379416,0,0,0,9128095
104513379416,0,0,0,9124681
104513386786,0,0,0,9132191
104513386786,0,0,0,9123487
104513386786,0,0,0,9123828
104513386786,0,0,0,9130996
104513386786,0,0,0,9126900
104513393815,0,0,0,9120244
104513393815,0,0,0,9122121
104513393815,0,0,0,9123487
104513393815,0,0,0,9130655
104513393815,0,0,0,9129801
104513401225,0,0,0,9123316
104513401225,0,0,0,9120756
104513401225,0,0,0,9129289
104513401225,0,0,0,9127071
104513401225,0,0,0,9122633
104513408310,0,0,0,9130825
104513408310,0,0,0,9124169
104513408310,0,0,0,9124340
104513408310,0,0,0,9130484
104513408310,0,0,0,9128607
104513415611,0,0,0,9129460
104513415611,0,0,0,9123999
104513415611,0,0,0,9123487
104513415611,0,0,0,9120415
104513415611,0,0,0,9122633
104513427138,0,0,0,9126729
104513427138,0,0,0,9124511
104513427138,0,0,0,9122633
104513427138,0,0,0,9117343
104513427138,0,0,0,9121609
104513432055,0,0,0,9134580
104513432055,0,0,0,9120585
104513432055,0,0,0,9125193
104513432055,0,0,0,9125023
104513432055,0,0,0,9127753
104513437957,0,0,0,9122804
104513437957,0,0,0,9131167
104513437957,0,0,0,9119220
104513437957,0,0,0,9117172
104513437957,0,0,0,9129289
104513444871,0,0,0,9126729
104513444871,0,0,0,9121609
104513444871,0,0,0,9126729
104513444871,0,0,0,9122463
104513444871,0,0,0,9129460
104513452962,0,0,0,9122121
104513452962,0,0,0,9135774
104513452962,0,0,0,9125535
104513452962,0,0,0,9121609
104513452962,0,0,0,9124511
104513463982,0,0,0,9126729
104513463982,0,0,0,9126559
104513463982,0,0,0,9125876
104513463982,0,0,0,9118708
104513463982,0,0,0,9116489
104513466943,0,0,0,9129289
104513466943,0,0,0,9126559
104513466943,0,0,0,9125364
104513466943,0,0,0,9121268
104513466943,0,0,0,9127241
104513473041,0,0,0,9122121
104513473041,0,0,0,9126388
104513473041,0,0,0,9123828
104513473041,0,0,0,9121951
104513473041,0,0,0,9126559
104513479396,0,0,0,9124511
104513479396,0,0,0,9126900
104513479396,0,0,0,9128607
104513479396,0,0,0,9125705
104513479396,0,0,0,9126729
104513486784,0,0,0,9128436
104513486784,0,0,0,9119049
104513486784,0,0,0,9130996
104513486784,0,0,0,9121097
104513486784,0,0,0,9123145
104513494306,0,0,0,9122804
104513494306,0,0,0,9126047
104513494306,0,0,0,9124340
104513494306,0,0,0,9130484
104513494306,0,0,0,9125193
104513501209,0,0,0,9124852
104513501209,0,0,0,9123999
104513501209,0,0,0,9124681
104513501209,0,0,0,9126559
104513501209,0,0,0,9120415
104513508371,0,0,0,9125023
104513508371,0,0,0,9123828
104513508371,0,0,0,9124169
104513508371,0,0,0,9120585
104513508371,0,0,0,9128607
104513515596,0,0,0,9126729
104513515596,0,0,0,9125705
104513515596,0,0,0,9123828
104513515596,0,0,0,9126729
104513515596,0,0,0,9123145
104513521798,0,0,0,9121439
104513521798,0,0,0,9127071
104513521798,0,0,0,9122121
104513521798,0,0,0,9117001
104513521798,0,0,0,9122633
104513528986,0,0,0,9125023
104513528986,0,0,0,9124340
104513528986,0,0,0,9121439
104513528986,0,0,0,9124340
104513528986,0,0,0,9122292
104513536104,0,0,0,9125705
104513536104,0,0,0,9129631
104513536104,0,0,0,9123999
104513536104,0,0,0,9122463
104513536104,0,0,0,9118196
104513543248,0,0,0,9117855
104513543248,0,0,0,9124169
104513543248,0,0,0,9122292
104513543248,0,0,0,9123657
104513543248,0,0,0,9124169
104513550455,0,0,0,9122975
104513550455,0,0,0,9124852
104513550455,0,0,0,9126900
104513550455,0,0,0,9121439
104513550455,0,0,0,9126729
104513557990,0,0,0,9122975
104513557990,0,0,0,9122121
104513557990,0,0,0,9129289
104513557990,0,0,0,9124169
104513557990,0,0,0,9127924
104513565004,0,0,0,9123657
104513565004,0,0,0,9126900
104513565004,0,0,0,9124511
104513565004,0,0,0,9127071
104513565004,0,0,0,9118537
104513571957,0,0,0,9118025
104513571957,0,0,0,9129631
104513571957,0,0,0,9125023
104513571957,0,0,0,9126217
104513571957,0,0,0,9125535
104513579144,0,0,0,9123999
104513579144,0,0,0,9118196
104513579144,0,0,0,9126559
104513579144,0,0,0,9125364
104513579144,0,0,0,9115977
104513586603,0,0,0,9120073
104513586603,0,0,0,9123145
104513586603,0,0,0,9134409
104513586603,0,0,0,9124169
104513586603,0,0,0,9125193
104513593609,0,0,0,9128948
104513593609,0,0,0,9133556
104513593609,0,0,0,9127412
104513593609,0,0,0,9127924
104513593609,0,0,0,9132873
104513600575,0,0,0,9129801
104513600575,0,0,0,9121268
104513600575,0,0,0,9119903
104513600575,0,0,0,9124852
104513600575,0,0,0,9129289
104513608095,0,0,0,9129631
104513608095,0,0,0,9120415
104513608095,0,0,0,9128095
104513608095,0,0,0,9122804
104513608095,0,0,0,9124681
104513615014,0,0,0,9123657
104513615014,0,0,0,9123657
104513615014,0,0,0,9123999
104513615014,0,0,0,9123657
104513615014,0,0,0,9124511
104513622172,0,0,0,9118879
104513622172,0,0,0,9122463
104513622172,0,0,0,9127753
104513622172,0,0,0,9127241
104513622172,0,0,0,9126559
104513629182,0,0,0,9129289
104513629182,0,0,0,9127412
104513629182,0,0,0,9126729
104513629182,0,0,0,9128095
104513629182,0,0,0,9123999
104513636463,0,0,0,9120927
104513636463,0,0,0,9126559
104513636463,0,0,0,9129801
104513636463,0,0,0,9123145
104513636463,0,0,0,9124852
104513643602,0,0,0,9122975
104513643602,0,0,0,9133897
104513643602,0,0,0,9122121
104513643602,0,0,0,9127753
104513643602,0,0,0,9130655
104513651244,0,0,0,9129801
104513651244,0,0,0,9131679
104513651244,0,0,0,9120756
104513651244,0,0,0,9131167
104513651244,0,0,0,9128607
104513657986,0,0,0,9118537
104513657986,0,0,0,9130313
104513657986,0,0,0,9123657
104513657986,0,0,0,9124169
104513657986,0,0,0,9125535
104513665165,0,0,0,9125876
104513665165,0,0,0,9119049
104513665165,0,0,0,9128777
104513665165,0,0,0,9121951
104513665165,0,0,0,9128777
104513672154,0,0,0,9124511
104513672154,0,0,0,9122633
104513672154,0,0,0,9121951
104513672154,0,0,0,9129119
104513672154,0,0,0,9125193
104513679438,0,0,0,9126217
104513679438,0,0,0,9127071
104513679438,0,0,0,9121268
104513679438,0,0,0,9117001
104513679438,0,0,0,9127753
104513686824,0,0,0,9123145
104513686824,0,0,0,9130143
104513686824,0,0,0,9127412
104513686824,0,0,0,9121439
104513686824,0,0,0,9120927
104513693742,0,0,0,9128436
104513693742,0,0,0,9127241
104513693742,0,0,0,9123316
104513693742,0,0,0,9125364
104513693742,0,0,0,9123657
104513700804,0,0,0,9127071
104513700804,0,0,0,9130484
104513700804,0,0,0,9125535
104513700804,0,0,0,9120756
104513700804,0,0,0,9125023
104513708181,0,0,0,9126047
104513708181,0,0,0,9125876
104513708181,0,0,0,9119391
104513708181,0,0,0,9122975
104513708181,0,0,0,9121780
104513715848,0,0,0,9131508
104513715848,0,0,0,9119391
104513715848,0,0,0,9130484
104513715848,0,0,0,9121951
104513715848,0,0,0,9121609
104513722348,0,0,0,9128948
104513722348,0,0,0,9133044
104513722348,0,0,0,9126729
104513722348,0,0,0,9118025
104513722348,0,0,0,9120927
104513729353,0,0,0,9117684
104513729353,0,0,0,9122633
104513729353,0,0,0,9128436
104513729353,0,0,0,9128948
104513729353,0,0,0,9119561
104513736632,0,0,0,9123999
104513736632,0,0,0,9125535
104513736632,0,0,0,9123999
104513736632,0,0,0,9132873
104513736632,0,0,0,9127241
104513743796,0,0,0,9123145
104513743796,0,0,0,9125193
104513743796,0,0,0,9132873
104513743796,0,0,0,9122121
104513743796,0,0,0,9123145
104513751015,0,0,0,9124169
104513751015,0,0,0,9128095
104513751015,0,0,0,9122463
104513751015,0,0,0,9122804
104513751015,0,0,0,9124169
104513758136,0,0,0,9122292
104513758136,0,0,0,9127071
104513758136,0,0,0,9131337
104513758136,0,0,0,9126729
104513758136,0,0,0,9123145
104513765207,0,0,0,9130996
104513765207,0,0,0,9123657
104513765207,0,0,0,9129972
104513765207,0,0,0,9127924
104513765207,0,0,0,9133556
104513772288,0,0,0,9121780
104513772288,0,0,0,9126388
104513772288,0,0,0,9131167
104513772288,0,0,0,9122121
104513772288,0,0,0,9127412
104513779500,0,0,0,9128607
104513779500,0,0,0,9117684
104513779500,0,0,0,9121609
104513779500,0,0,0,9129119
104513779500,0,0,0,9126900
104513786616,0,0,0,9122633
104513786616,0,0,0,9122975
104513786616,0,0,0,9122975
104513786616,0,0,0,9127753
104513786616,0,0,0,9125193
104513793921,0,0,0,9128436
104513793921,0,0,0,9128948
104513793921,0,0,0,9116489
104513793921,0,0,0,9120415
104513793921,0,0,0,9122292
104513801017,0,0,0,9123487
104513801017,0,0,0,9126900
104513801017,0,0,0,9131849
104513801017,0,0,0,9123657
104513801017,0,0,0,9126729
104513808210,0,0,0,9123999
104513808210,0,0,0,9119220
104513808210,0,0,0,9125193
104513808210,0,0,0,9124511
104513808210,0,0,0,9127924
104513815759,0,0,0,9124852
104513815759,0,0,0,9125364
104513815759,0,0,0,9127924
104513815759,0,0,0,9123487
104513815759,0,0,0,9123145
104513822556,0,0,0,9121609
104513822556,0,0,0,9122633
104513822556,0,0,0,9126559
104513822556,0,0,0,9123316
104513822556,0,0,0,9128265
104513829798,0,0,0,9125535
104513829798,0,0,0,9127924
104513829798,0,0,0,9119903
104513829798,0,0,0,9123487
104513829798,0,0,0,9123999
104513836891,0,0,0,9121951
104513836891,0,0,0,9131167
104513836891,0,0,0,9126729
104513836891,0,0,0,9124852
104513836891,0,0,0,9127924
104513844429,0,0,0,9127071
104513844429,0,0,0,9127753
104513844429,0,0,0,9125023
104513844429,0,0,0,9122121
104513844429,0,0,0,9126729
104513851263,0,0,0,9124852
104513851263,0,0,0,9123999
104513851263,0,0,0,9124681
104513851263,0,0,0,9123145
104513851263,0,0,0,9118537
104513858523,0,0,0,9128265
104513858523,0,0,0,9124169
104513858523,0,0,0,9128436
104513858523,0,0,0,9130313
104513858523,0,0,0,9127583
104513865714,0,0,0,9126217
104513865714,0,0,0,9123657
104513865714,0,0,0,9122463
104513865714,0,0,0,9130655
104513865714,0,0,0,9129972
104513872781,0,0,0,9125705
104513872781,0,0,0,9128436
104513872781,0,0,0,9123828
104513872781,0,0,0,9121268
104513872781,0,0,0,9121439
104513879986,0,0,0,9125193
104513879986,0,0,0,9130655
104513879986,0,0,0,9123999
104513879986,0,0,0,9128777
104513879986,0,0,0,9121780
104513887117,0,0,0,9122292
104513887117,0,0,0,9126900
104513887117,0,0,0,9126388
104513887117,0,0,0,9126047
104513887117,0,0,0,9125023
104513894153,0,0,0,9121609
104513894153,0,0,0,9126047
104513894153,0,0,0,9125023
104513894153,0,0,0,9124169
104513894153,0,0,0,9123828
104513901321,0,0,0,9122292
104513901321,0,0,0,9125364
104513901321,0,0,0,9120073
104513901321,0,0,0,9125876
104513901321,0,0,0,9127753
104513908337,0,0,0,9124169
104513908337,0,0,0,9132191
104513908337,0,0,0,9126217
104513908337,0,0,0,9122121
104513908337,0,0,0,9125535
104513915660,0,0,0,9125193
104513915660,0,0,0,9117172
104513915660,0,0,0,9128436
104513915660,0,0,0,9131849
104513915660,0,0,0,9126559
104513922646,0,0,0,9123828
104513922646,0,0,0,9122975
104513922646,0,0,0,9123828
104513922646,0,0,0,9127412
104513922646,0,0,0,9118367
104513929900,0,0,0,9119561
104513929900,0,0,0,9122121
104513929900,0,0,0,9126559
104513929900,0,0,0,9122804
104513929900,0,0,0,9124340
104513937279,0,0,0,9129631
104513937279,0,0,0,9119049
104513937279,0,0,0,9119561
104513937279,0,0,0,9127583
104513937279,0,0,0,9119561
104513944150,0,0,0,9126217
104513944150,0,0,0,9123487
104513944150,0,0,0,9128948
104513944150,0,0,0,9122633
104513944150,0,0,0,9121609
104513951357,0,0,0,9127241
104513951357,0,0,0,9129801
104513951357,0,0,0,9122633
104513951357,0,0,0,9125535
104513951357,0,0,0,9127924
104513958614,0,0,0,9118196
104513958614,0,0,0,9125193
104513958614,0,0,0,9125023
104513958614,0,0,0,9129972
104513958614,0,0,0,9122804
104513966287,0,0,0,9135604
104513966287,0,0,0,9121951
104513966287,0,0,0,9126559
104513966287,0,0,0,9126729
104513966287,0,0,0,9122633
104513972741,0,0,0,9119732
104513972741,0,0,0,9125193
104513972741,0,0,0,9118537
104513972741,0,0,0,9126388
104513972741,0,0,0,9128948
104513980059,0,0,0,9118879
104513980059,0,0,0,9125705
104513980059,0,0,0,9130143
104513980059,0,0,0,9122975
104513980059,0,0,0,9126047
104513987077,0,0,0,9123828
104513987077,0,0,0,9118708
104513987077,0,0,0,9125023
104513987077,0,0,0,9124852
104513987077,0,0,0,9125364
104513994169,0,0,0,9127412
104513994169,0,0,0,9125535
104513994169,0,0,0,9125876
104513994169,0,0,0,9124852
104513994169,0,0,0,9125193
104514001534,0,0,0,9123316
104514001534,0,0,0,9126217
104514001534,0,0,0,9125535
104514001534,0,0,0,9119561
104514001534,0,0,0,9127412
104514008655,0,0,0,9128265
104514008655,0,0,0,9127753
104514008655,0,0,0,9125535
104514008655,0,0,0,9127753
104514008655,0,0,0,9124852
104514015809,0,0,0,9123316
104514015809,0,0,0,9120415
104514015809,0,0,0,9127412
104514015809,0,0,0,9126559
104514015809,0,0,0,9128095
104514022843,0,0,0,9128607
104514022843,0,0,0,9120415
104514022843,0,0,0,9125023
104514022843,0,0,0,9123145
104514022843,0,0,0,9126559
104514029988,0,0,0,9123657
104514029988,0,0,0,9119220
104514029988,0,0,0,9119732
104514029988,0,0,0,9119049
104514029988,0,0,0,9119049
104514037321,0,0,0,9129119
104514037321,0,0,0,9127924
104514037321,0,0,0,9130484
104514037321,0,0,0,9125193
104514037321,0,0,0,9123145
104514044429,0,0,0,9123828
104514044429,0,0,0,9123657
104514044429,0,0,0,9121439
104514044429,0,0,0,9127241
104514044429,0,0,0,9126729
104514051579,0,0,0,9128777
104514051579,0,0,0,9127583
104514051579,0,0,0,9122463
104514051579,0,0,0,9124169
104514051579,0,0,0,9124340
104514058793,0,0,0,9120927
104514058793,0,0,0,9122633
104514058793,0,0,0,9126217
104514058793,0,0,0,9127924
104514058793,0,0,0,9123145
104514065946,0,0,0,9124340
104514065946,0,0,0,9132191
104514065946,0,0,0,9125535
104514065946,0,0,0,9125535
104514065946,0,0,0,9122463
104514072930,0,0,0,9122804
104514072930,0,0,0,9124169
104514072930,0,0,0,9117513
104514072930,0,0,0,9130143
104514072930,0,0,0,9126900
104514080135,0,0,0,9126900
104514080135,0,0,0,9122463
104514080135,0,0,0,9119220
104514080135,0,0,0,9122633
104514080135,0,0,0,9127924
104514087330,0,0,0,9120756
104514087330,0,0,0,9123828
104514087330,0,0,0,9122804
104514087330,0,0,0,9121439
104514087330,0,0,0,9128265
104514094995,0,0,0,9128777
104514094995,0,0,0,9127241
104514094995,0,0,0,9126047
104514094995,0,0,0,9130484
104514094995,0,0,0,9126729
104514101862,0,0,0,9118537
104514101862,0,0,0,9125705
104514101862,0,0,0,9126729
104514101862,0,0,0,9127071
104514101862,0,0,0,9125364
104514108963,0,0,0,9128777
104514108963,0,0,0,9124511
104514108963,0,0,0,9119220
104514108963,0,0,0,9123657
104514108963,0,0,0,9122804
104514116195,0,0,0,9130484
104514116195,0,0,0,9126900
104514116195,0,0,0,9124852
104514116195,0,0,0,9126217
104514116195,0,0,0,9135774
104514123052,0,0,0,9118367
104514123052,0,0,0,9127924
104514123052,0,0,0,9123316
104514123052,0,0,0,9125535
104514123052,0,0,0,9126388
104514130449,0,0,0,9122633
104514130449,0,0,0,9131167
104514130449,0,0,0,9123487
104514130449,0,0,0,9125535
104514130449,0,0,0,9126388
104514137350,0,0,0,9124169
104514137350,0,0,0,9130825
104514137350,0,0,0,9121951
104514137350,0,0,0,9119903
104514137350,0,0,0,9128265
104514144782,0,0,0,9124340
104514144782,0,0,0,9125705
104514144782,0,0,0,9127753
104514144782,0,0,0,9125705
104514144782,0,0,0,9126900
104514151986,0,0,0,9125535
104514151986,0,0,0,9126217
104514151986,0,0,0,9124852
104514151986,0,0,0,9125876
104514151986,0,0,0,9127753
104514159603,0,0,0,9121780
104514159603,0,0,0,9125876
104514159603,0,0,0,9123145
104514159603,0,0,0,9119903
104514159603,0,0,0,9116319
104514166360,0,0,0,9126559
104514166360,0,0,0,9126559
104514166360,0,0,0,9123828
104514166360,0,0,0,9123316
104514166360,0,0,0,9120585
104514173575,0,0,0,9127583
104514173575,0,0,0,9124852
104514173575,0,0,0,9118879
104514173575,0,0,0,9126217
104514173575,0,0,0,9126559
104514181031,0,0,0,9129119
104514181031,0,0,0,9127071
104514181031,0,0,0,9123487
104514181031,0,0,0,9128095
104514181031,0,0,0,9127583
104514187710,0,0,0,9119903
104514187710,0,0,0,9130825
104514187710,0,0,0,9111711
104514187710,0,0,0,9121609
104514187710,0,0,0,9126388
104514194748,0,0,0,9121951
104514194748,0,0,0,9129119
104514194748,0,0,0,9119049
104514194748,0,0,0,9122292
104514194748,0,0,0,9123828
104514202321,0,0,0,9128095
104514202321,0,0,0,9127071
104514202321,0,0,0,9127241
104514202321,0,0,0,9122463
104514202321,0,0,0,9120585
104514208963,0,0,0,9128436
104514208963,0,0,0,9126559
104514208963,0,0,0,9129460
104514208963,0,0,0,9127924
104514208963,0,0,0,9134238
104514216423,0,0,0,9123487
104514216423,0,0,0,9121609
104514216423,0,0,0,9128436
104514216423,0,0,0,9124340
104514216423,0,0,0,9122463
104514225221,0,0,0,9124169
104514225221,0,0,0,9126388
104514225221,0,0,0,9129119
104514225221,0,0,0,9124852
104514225221,0,0,0,9122633
104514231674,0,0,0,9123316
104514231674,0,0,0,9127753
104514231674,0,0,0,9125193
104514231674,0,0,0,9121097
104514231674,0,0,0,9125364
104514238239,0,0,0,9125364
104514238239,0,0,0,9118196
104514238239,0,0,0,9119903
104514238239,0,0,0,9125535
104514238239,0,0,0,9126047
104514245558,0,0,0,9128948
104514245558,0,0,0,9121951
104514245558,0,0,0,9115977
104514245558,0,0,0,9125364
104514245558,0,0,0,9122121
104514253422,0,0,0,9124340
104514253422,0,0,0,9124681
104514253422,0,0,0,9134409
104514253422,0,0,0,9121780
104514253422,0,0,0,9117855
104514260002,0,0,0,9127583
104514260002,0,0,0,9125705
104514260002,0,0,0,9125876
104514260002,0,0,0,9126388
104514260002,0,0,0,9123487
104514267145,0,0,0,9119391
104514267145,0,0,0,9124852
104514267145,0,0,0,9117855
104514267145,0,0,0,9126047
104514267145,0,0,0,9127071
104514274167,0,0,0,9126047
104514274167,0,0,0,9125876
104514274167,0,0,0,9123487
104514274167,0,0,0,9135945
104514274167,0,0,0,9128436
104514281496,0,0,0,9124681
104514281496,0,0,0,9117172
104514281496,0,0,0,9122292
104514281496,0,0,0,9121439
104514281496,0,0,0,9129289
104514288850,0,0,0,9128948
104514288850,0,0,0,9122804
104514288850,0,0,0,9121951
104514288850,0,0,0,9126047
104514288850,0,0,0,9128607
104514295506,0,0,0,9120415
104514295506,0,0,0,9125364
104514295506,0,0,0,9126900
104514295506,0,0,0,9124511
104514295506,0,0,0,9125705
104514303749,0,0,0,9118367
104514303749,0,0,0,9126900
104514303749,0,0,0,9117684
104514303749,0,0,0,9120073
104514303749,0,0,0,9126217
104514310474,0,0,0,9124340
104514310474,0,0,0,9128436
104514310474,0,0,0,9125535
104514310474,0,0,0,9129289
104514310474,0,0,0,9125023
104514317679,0,0,0,9121439
104514317679,0,0,0,9117684
104514317679,0,0,0,9127241
104514317679,0,0,0,9127241
104514317679,0,0,0,9122975
104514324286,0,0,0,9130655
104514324286,0,0,0,9121951
104514324286,0,0,0,9125193
104514324286,0,0,0,9123828
104514324286,0,0,0,9122121
104514331871,0,0,0,9129972
104514331871,0,0,0,9120244
104514331871,0,0,0,9125535
104514331871,0,0,0,9125705
104514331871,0,0,0,9125023
104514338302,0,0,0,9123487
104514338302,0,0,0,9121268
104514338302,0,0,0,9127412
104514338302,0,0,0,9127753
104514338302,0,0,0,9125535
104514345542,0,0,0,9123657
104514345542,0,0,0,9125023
104514345542,0,0,0,9126729
104514345542,0,0,0,9129289
104514345542,0,0,0,9131849
104514353063,0,0,0,9127753
104514353063,0,0,0,9125705
104514353063,0,0,0,9129119
104514353063,0,0,0,9124511
104514353063,0,0,0,9127583
104514359975,0,0,0,9127753
104514359975,0,0,0,9127753
104514359975,0,0,0,9124511
104514359975,0,0,0,9128948
104514359975,0,0,0,9126729
104514366931,0,0,0,9114612
104514366931,0,0,0,9119391
104514366931,0,0,0,9125705
104514366931,0,0,0,9129460
104514366931,0,0,0,9125535
104514374656,0,0,0,9124169
104514374656,0,0,0,9126900
104514374656,0,0,0,9119903
104514374656,0,0,0,9127583
104514374656,0,0,0,9123828
104514381087,0,0,0,9124852
104514381087,0,0,0,9124340
104514381087,0,0,0,9121439
104514381087,0,0,0,9122804
104514381087,0,0,0,9126729
104514388632,0,0,0,9122121
104514388632,0,0,0,9127412
104514388632,0,0,0,9127924
104514388632,0,0,0,9126047
104514388632,0,0,0,9119903
104514395629,0,0,0,9124511
104514395629,0,0,0,9120415
104514395629,0,0,0,9128265
104514395629,0,0,0,9122463
104514395629,0,0,0,9124340
104514404875,0,0,0,9120756
104514404875,0,0,0,9126217
104514404875,0,0,0,9121951
104514404875,0,0,0,9121780
104514404875,0,0,0,9122463
104514410590,0,0,0,9120585
104514410590,0,0,0,9124511
104514410590,0,0,0,9130996
104514410590,0,0,0,9125876
104514410590,0,0,0,9120585
104514419240,0,0,0,9123487
104514419240,0,0,0,9126729
104514419240,0,0,0,9120415
104514419240,0,0,0,9125876
104514419240,0,0,0,9128436
104514424938,0,0,0,9129289
104514424938,0,0,0,9124681
104514424938,0,0,0,9127412
104514424938,0,0,0,9121780
104514424938,0,0,0,9122975
104514433090,0,0,0,9118708
104514433090,0,0,0,9131679
104514433090,0,0,0,9122633
104514433090,0,0,0,9124852
104514433090,0,0,0,9124340
104514439053,0,0,0,9124852
104514439053,0,0,0,9131679
104514439053,0,0,0,9117513
104514439053,0,0,0,9117001
104514439053,0,0,0,9129119
104514446692,0,0,0,9123316
104514446692,0,0,0,9119391
104514446692,0,0,0,9122975
104514446692,0,0,0,9124169
104514446692,0,0,0,9122633
104514453627,0,0,0,9121951
104514453627,0,0,0,9125193
104514453627,0,0,0,9120244
104514453627,0,0,0,9120073
104514453627,0,0,0,9124681
104514460364,0,0,0,9125876
104514460364,0,0,0,9125364
104514460364,0,0,0,9132873
104514460364,0,0,0,9123657
104514460364,0,0,0,9120244
104514467313,0,0,0,9125535
104514467313,0,0,0,9124340
104514467313,0,0,0,9133556
104514467313,0,0,0,9127071
104514467313,0,0,0,9118879
104514474862,0,0,0,9128265
104514474862,0,0,0,9124852
104514474862,0,0,0,9126729
104514474862,0,0,0,9124852
104514474862,0,0,0,9127071
104514481583,0,0,0,9129119
104514481583,0,0,0,9123657
104514481583,0,0,0,9132703
104514481583,0,0,0,9118879
104514481583,0,0,0,9128777
104514488920,0,0,0,9125023
104514488920,0,0,0,9119049
104514488920,0,0,0,9123999
104514488920,0,0,0,9126217
104514488920,0,0,0,9129119
104514495660,0,0,0,9125705
104514495660,0,0,0,9126388
104514495660,0,0,0,9121780
104514495660,0,0,0,9125535
104514495660,0,0,0,9124169
104514503072,0,0,0,9127241
104514503072,0,0,0,9127241
104514503072,0,0,0,9129460
104514503072,0,0,0,9122804
104514503072,0,0,0,9127412
104514510363,0,0,0,9127241
104514510363,0,0,0,9123657
104514510363,0,0,0,9124681
104514510363,0,0,0,9128948
104514510363,0,0,0,9122633
104514517507,0,0,0,9126388
104514517507,0,0,0,9128777
104514517507,0,0,0,9128948
104514517507,0,0,0,9120415
104514517507,0,0,0,9129289
104514524269,0,0,0,9122463
104514524269,0,0,0,9126559
104514524269,0,0,0,9123828
104514524269,0,0,0,9123487
104514524269,0,0,0,9118367
104514531571,0,0,0,9119049
104514531571,0,0,0,9124511
104514531571,0,0,0,9126388
104514531571,0,0,0,9124340
104514531571,0,0,0,9119903
104514538922,0,0,0,9124511
104514538922,0,0,0,9119561
104514538922,0,0,0,9119561
104514538922,0,0,0,9120756
104514538922,0,0,0,9123657
104514545811,0,0,0,9123316
104514545811,0,0,0,9125023
104514545811,0,0,0,9124169
104514545811,0,0,0,9122463
104514545811,0,0,0,9124169
104514553255,0,0,0,9118367
104514553255,0,0,0,9123999
104514553255,0,0,0,9125876
104514553255,0,0,0,9117343
104514553255,0,0,0,9122633
104514560154,0,0,0,9123487
104514560154,0,0,0,9124169
104514560154,0,0,0,9120244
104514560154,0,0,0,9125876
104514560154,0,0,0,9123316
104514567214,0,0,0,9121268
104514567214,0,0,0,9126388
104514567214,0,0,0,9122292
104514567214,0,0,0,9125535
104514567214,0,0,0,9114441
104514574549,0,0,0,9122463
104514574549,0,0,0,9124852
104514574549,0,0,0,9120927
104514574549,0,0,0,9109322
104514574549,0,0,0,9125705
104514581911,0,0,0,9124681
104514581911,0,0,0,9125876
104514581911,0,0,0,9123487
104514581911,0,0,0,9127924
104514581911,0,0,0,9119220
104514588693,0,0,0,9125535
104514588693,0,0,0,9120073
104514588693,0,0,0,9122292
104514588693,0,0,0,9120927
104514588693,0,0,0,9123316
104514595882,0,0,0,9125193
104514595882,0,0,0,9124681
104514595882,0,0,0,9120244
104514595882,0,0,0,9123657
104514595882,0,0,0,9123999
104514603923,0,0,0,9118879
104514603923,0,0,0,9118537
104514603923,0,0,0,9118879
104514603923,0,0,0,9113929
104514603923,0,0,0,9128265
104514610135,0,0,0,9123657
104514610135,0,0,0,9128436
104514610135,0,0,0,9122975
104514610135,0,0,0,9124340
104514610135,0,0,0,9122121
104514617703,0,0,0,9126217
104514617703,0,0,0,9124681
104514617703,0,0,0,9123487
104514617703,0,0,0,9116319
104514617703,0,0,0,9120073
104514624836,0,0,0,9124511
104514624836,0,0,0,9119220
104514624836,0,0,0,9121439
104514624836,0,0,0,9126047
104514624836,0,0,0,9122804
104514631925,0,0,0,9121609
104514631925,0,0,0,9128436
104514631925,0,0,0,9117855
104514631925,0,0,0,9125535
104514631925,0,0,0,9123828
104514639014,0,0,0,9127412
104514639014,0,0,0,9128948
104514639014,0,0,0,9127241
104514639014,0,0,0,9124681
104514639014,0,0,0,9123828
104514646368,0,0,0,9128777
104514646368,0,0,0,9122121
104514646368,0,0,0,9125876
104514646368,0,0,0,9129289
104514646368,0,0,0,9116660
104514653416,0,0,0,9126729
104514653416,0,0,0,9124511
104514653416,0,0,0,9119561
104514653416,0,0,0,9118708
104514653416,0,0,0,9120244
104514660932,0,0,0,9127412
104514660932,0,0,0,9127924
104514660932,0,0,0,9117001
104514660932,0,0,0,9126217
104514660932,0,0,0,9122633
104514667959,0,0,0,9118367
104514667959,0,0,0,9124852
104514667959,0,0,0,9120415
104514667959,0,0,0,9122292
104514667959,0,0,0,9120756
104514675152,0,0,0,9120927
104514675152,0,0,0,9118879
104514675152,0,0,0,9129460
104514675152,0,0,0,9123487
104514675152,0,0,0,9128436
104514682296,0,0,0,9121609
104514682296,0,0,0,9119391
104514682296,0,0,0,9121951
104514682296,0,0,0,9123145
104514682296,0,0,0,9127412
104514689210,0,0,0,9116831
104514689210,0,0,0,9124511
104514689210,0,0,0,9119049
104514689210,0,0,0,9128265
104514689210,0,0,0,9119220
104514696740,0,0,0,9125023
104514696740,0,0,0,9119732
104514696740,0,0,0,9120415
104514696740,0,0,0,9119903
104514696740,0,0,0,9126047
104514703946,0,0,0,9120073
104514703946,0,0,0,9129460
104514703946,0,0,0,9124681
104514703946,0,0,0,9117855
104514703946,0,0,0,9122633
104514711253,0,0,0,9128436
104514711253,0,0,0,9128095
104514711253,0,0,0,9126559
104514711253,0,0,0,9117343
104514711253,0,0,0,9131167
104514718271,0,0,0,9125535
104514718271,0,0,0,9115636
104514718271,0,0,0,9117684
104514718271,0,0,0,9119732
104514718271,0,0,0,9115465
104514725122,0,0,0,9118537
104514725122,0,0,0,9122121
104514725122,0,0,0,9126047
104514725122,0,0,0,9123145
104514725122,0,0,0,9125193
104514732274,0,0,0,9125364
104514732274,0,0,0,9119732
104514732274,0,0,0,9126217
104514732274,0,0,0,9117001
104514732274,0,0,0,9115807
104514739093,0,0,0,9125705
104514739093,0,0,0,9122804
104514739093,0,0,0,9127241
104514739093,0,0,0,9121097
104514739093,0,0,0,9124169
104514746594,0,0,0,9123487
104514746594,0,0,0,9121268
104514746594,0,0,0,9117684
104514746594,0,0,0,9125193
104514746594,0,0,0,9125535
104514753349,0,0,0,9120415
104514753349,0,0,0,9122804
104514753349,0,0,0,9127583
104514753349,0,0,0,9125193
104514753349,0,0,0,9120756
104514760628,0,0,0,9132191
104514760628,0,0,0,9123487
104514760628,0,0,0,9120585
104514760628,0,0,0,9123487
104514760628,0,0,0,9121780
104514768884,0,0,0,9116660
104514768884,0,0,0,9117513
104514768884,0,0,0,9118367
104514768884,0,0,0,9121097
104514768884,0,0,0,9128948
104514775475,0,0,0,9118708
104514775475,0,0,0,9120756
104514775475,0,0,0,9122463
104514775475,0,0,0,9124340
104514775475,0,0,0,9121951
104514782922,0,0,0,9122633
104514782922,0,0,0,9121951
104514782922,0,0,0,9120244
104514782922,0,0,0,9114612
104514782922,0,0,0,9121439
104514790506,0,0,0,9125876
104514790506,0,0,0,9123316
104514790506,0,0,0,9121097
104514790506,0,0,0,9122804
104514790506,0,0,0,9124511
104514798610,0,0,0,9120585
104514798610,0,0,0,9127412
104514798610,0,0,0,9117513
104514798610,0,0,0,9123145
104514798610,0,0,0,9122292
104514804027,0,0,0,9122804
104514804027,0,0,0,9126729
104514804027,0,0,0,9115295
104514804027,0,0,0,9114953
104514804027,0,0,0,9118708
104514812144,0,0,0,9120585
104514812144,0,0,0,9121268
104514812144,0,0,0,9115295
104514812144,0,0,0,9121780
104514812144,0,0,0,9117172
104514818525,0,0,0,9119561
104514818525,0,0,0,9119732
104514818525,0,0,0,9118708
104514818525,0,0,0,9127924
104514818525,0,0,0,9128095
104514825088,0,0,0,9115636
104514825088,0,0,0,9122804
104514825088,0,0,0,9116319
104514825088,0,0,0,9127241
104514825088,0,0,0,9119732
104514833033,0,0,0,9124169
104514833033,0,0,0,9124511
104514833033,0,0,0,9121268
104514833033,0,0,0,9120927
104514833033,0,0,0,9122292
104514839206,0,0,0,9129972
104514839206,0,0,0,9124340
104514839206,0,0,0,9123657
104514839206,0,0,0,9121780
104514839206,0,0,0,9119732
104514846415,0,0,0,9116148
104514846415,0,0,0,9116319
104514846415,0,0,0,9121951
104514846415,0,0,0,9121780
104514846415,0,0,0,9121097
104514853727,0,0,0,9125535
104514853727,0,0,0,9113247
104514853727,0,0,0,9126217
104514853727,0,0,0,9125705
104514853727,0,0,0,9119391
104514861093,0,0,0,9117001
104514861093,0,0,0,9118196
104514861093,0,0,0,9122804
104514861093,0,0,0,9125705
104514861093,0,0,0,9123316
104514867877,0,0,0,9120927
104514867877,0,0,0,9120927
104514867877,0,0,0,9121780
104514867877,0,0,0,9118025
104514867877,0,0,0,9120756
104514875407,0,0,0,9123828
104514875407,0,0,0,9125705
104514875407,0,0,0,9121951
104514875407,0,0,0,9121951
104514875407,0,0,0,9121609
104514882402,0,0,0,9123316
104514882402,0,0,0,9125705
104514882402,0,0,0,9128436
104514882402,0,0,0,9121780
104514882402,0,0,0,9119732
104514889339,0,0,0,9130143
104514889339,0,0,0,9120927
104514889339,0,0,0,9120415
104514889339,0,0,0,9123999
104514889339,0,0,0,9121780
104514896451,0,0,0,9122804
104514896451,0,0,0,9121097
104514896451,0,0,0,9122292
104514896451,0,0,0,9121439
104514896451,0,0,0,9122804
104514903607,0,0,0,9123657
104514903607,0,0,0,9118025
104514903607,0,0,0,9130484
104514903607,0,0,0,9123487
104514903607,0,0,0,9119049
104514911291,0,0,0,9121951
104514911291,0,0,0,9122975
104514911291,0,0,0,9117172
104514911291,0,0,0,9121951
104514911291,0,0,0,9118537
104514918098,0,0,0,9129289
104514918098,0,0,0,9131167
104514918098,0,0,0,9126900
104514918098,0,0,0,9124511
104514918098,0,0,0,9120073
104514925124,0,0,0,9124681
104514925124,0,0,0,9125364
104514925124,0,0,0,9125535
104514925124,0,0,0,9123999
104514925124,0,0,0,9122292
104514932239,0,0,0,9124852
104514932239,0,0,0,9118879
104514932239,0,0,0,9129972
104514932239,0,0,0,9122121
104514932239,0,0,0,9121097
104514939424,0,0,0,9118196
104514939424,0,0,0,9120073
104514939424,0,0,0,9122633
104514939424,0,0,0,9119391
104514939424,0,0,0,9118025
104514946660,0,0,0,9114783
104514946660,0,0,0,9119903
104514946660,0,0,0,9125364
104514946660,0,0,0,9122633
104514946660,0,0,0,9122975
104514954044,0,0,0,9120415
104514954044,0,0,0,9126559
104514954044,0,0,0,9125876
104514954044,0,0,0,9115636
104514954044,0,0,0,9127753
104514961036,0,0,0,9127753
104514961036,0,0,0,9123316
104514961036,0,0,0,9123145
104514961036,0,0,0,9121780
104514961036,0,0,0,9121780
104514968332,0,0,0,9122463
104514968332,0,0,0,9127241
104514968332,0,0,0,9126047
104514968332,0,0,0,9117513
104514968332,0,0,0,9129972
104514976160,0,0,0,9115977
104514976160,0,0,0,9126559
104514976160,0,0,0,9118025
104514976160,0,0,0,9122633
104514976160,0,0,0,9127924
104514982587,0,0,0,9124169
104514982587,0,0,0,9121951
104514982587,0,0,0,9119391
104514982587,0,0,0,9125535
104514982587,0,0,0,9128095
104514990044,0,0,0,9124852
104514990044,0,0,0,9121439
104514990044,0,0,0,9123828
104514990044,0,0,0,9126729
104514990044,0,0,0,9121439
104514997858,0,0,0,9123145
104514997858,0,0,0,9124852
104514997858,0,0,0,9125535
104514997858,0,0,0,9116831
104514997858,0,0,0,9124511
104515004266,0,0,0,9122633
104515004266,0,0,0,9115636
104515004266,0,0,0,9121780
104515004266,0,0,0,9122292
104515004266,0,0,0,9126217
104515011985,0,0,0,9122463
104515011985,0,0,0,9120073
104515011985,0,0,0,9128265
104515011985,0,0,0,9121780
104515011985,0,0,0,9125876
104515019174,0,0,0,9120073
104515019174,0,0,0,9128436
104515019174,0,0,0,9121097
104515019174,0,0,0,9121951
104515019174,0,0,0,9123145
104515026145,0,0,0,9121951
104515026145,0,0,0,9122633
104515026145,0,0,0,9123999
104515026145,0,0,0,9124681
104515026145,0,0,0,9122975
104515032925,0,0,0,9120244
104515032925,0,0,0,9128095
104515032925,0,0,0,9119732
104515032925,0,0,0,9119903
104515032925,0,0,0,9122121
104515040000,0,0,0,9117172
104515040000,0,0,0,9125193
104515040000,0,0,0,9127412
104515040000,0,0,0,9120244
104515040000,0,0,0,9120073
104515047527,0,0,0,9127412
104515047527,0,0,0,9123316
104515047527,0,0,0,9119220
104515047527,0,0,0,9121439
104515047527,0,0,0,9121780
104515054281,0,0,0,9120927
104515054281,0,0,0,9120073
104515054281,0,0,0,9125023
104515054281,0,0,0,9122633
104515054281,0,0,0,9120244
104515062233,0,0,0,9122121
104515062233,0,0,0,9120756
104515062233,0,0,0,9134238
104515062233,0,0,0,9121951
104515062233,0,0,0,9126388
104515069101,0,0,0,9126388
104515069101,0,0,0,9115124
104515069101,0,0,0,9115636
104515069101,0,0,0,9121439
104515069101,0,0,0,9120585
104515075963,0,0,0,9127071
104515075963,0,0,0,9126559
104515075963,0,0,0,9115465
104515075963,0,0,0,9121439
104515075963,0,0,0,9123657
104515083752,0,0,0,9123828
104515083752,0,0,0,9132020
104515083752,0,0,0,9125023
104515083752,0,0,0,9121951
104515083752,0,0,0,9123487
104515089986,0,0,0,9126047
104515089986,0,0,0,9123316
104515089986,0,0,0,9124169
104515089986,0,0,0,9122121
104515089986,0,0,0,9129631
104515097246,0,0,0,9121780
104515097246,0,0,0,9120585
104515097246,0,0,0,9122463
104515097246,0,0,0,9120756
104515097246,0,0,0,9126388
104515104653,0,0,0,9119049
104515104653,0,0,0,9124681
104515104653,0,0,0,9121439
104515104653,0,0,0,9116489
104515104653,0,0,0,9126729
104515112022,0,0,0,9126900
104515112022,0,0,0,9116148
104515112022,0,0,0,9126388
104515112022,0,0,0,9131167
104515112022,0,0,0,9124852
104515118726,0,0,0,9122804
104515118726,0,0,0,9125023
104515118726,0,0,0,9119049
104515118726,0,0,0,9123487
104515118726,0,0,0,9126388
104515126080,0,0,0,9124852
104515126080,0,0,0,9118537
104515126080,0,0,0,9132020
104515126080,0,0,0,9120756
104515126080,0,0,0,9125023
104515132799,0,0,0,9124340
104515132799,0,0,0,9122975
104515132799,0,0,0,9125193
104515132799,0,0,0,9122292
104515132799,0,0,0,9121609
104515139850,0,0,0,9125535
104515139850,0,0,0,9123487
104515139850,0,0,0,9119903
104515139850,0,0,0,9124681
104515139850,0,0,0,9126388
104515147041,0,0,0,9118708
104515147041,0,0,0,9123828
104515147041,0,0,0,9123999
104515147041,0,0,0,9117684
104515147041,0,0,0,9128095
104515155019,0,0,0,9120073
104515155019,0,0,0,9119732
104515155019,0,0,0,9122975
104515155019,0,0,0,9123657
104515155019,0,0,0,9119903
104515161296,0,0,0,9124169
104515161296,0,0,0,9123487
104515161296,0,0,0,9127412
104515161296,0,0,0,9119903
104515161296,0,0,0,9127583
104515168619,0,0,0,9124169
104515168619,0,0,0,9123145
104515168619,0,0,0,9124169
104515168619,0,0,0,9124852
104515168619,0,0,0,9123657
104515176044,0,0,0,9122463
104515176044,0,0,0,9121951
104515176044,0,0,0,9127241
104515176044,0,0,0,9126388
104515176044,0,0,0,9121097
104515182679,0,0,0,9119391
104515182679,0,0,0,9121609
104515182679,0,0,0,9120927
104515182679,0,0,0,9121780
104515182679,0,0,0,9129460
104515190104,0,0,0,9125364
104515190104,0,0,0,9123999
104515190104,0,0,0,9125023
104515190104,0,0,0,9122975
104515190104,0,0,0,9120415
104515197187,0,0,0,9119220
104515197187,0,0,0,9117001
104515197187,0,0,0,9125705
104515197187,0,0,0,9118367
104515197187,0,0,0,9127412
104515204218,0,0,0,9118879
104515204218,0,0,0,9125193
104515204218,0,0,0,9118879
104515204218,0,0,0,9126217
104515204218,0,0,0,9121951
104515211629,0,0,0,9120756
104515211629,0,0,0,9126047
104515211629,0,0,0,9124511
104515211629,0,0,0,9120073
104515211629,0,0,0,9120756
104515218583,0,0,0,9130143
104515218583,0,0,0,9121780
104515218583,0,0,0,9124681
104515218583,0,0,0,9125023
104515218583,0,0,0,9123828
104515226879,0,0,0,9119903
104515226879,0,0,0,9128265
104515226879,0,0,0,9120415
104515226879,0,0,0,9119049
104515226879,0,0,0,9126388
104515233877,0,0,0,9125364
104515233877,0,0,0,9131337
104515233877,0,0,0,9119049
104515233877,0,0,0,9126900
104515233877,0,0,0,9124340
104515240927,0,0,0,9124511
104515240927,0,0,0,9120756
104515240927,0,0,0,9122121
104515240927,0,0,0,9116489
104515240927,0,0,0,9119732
104515248189,0,0,0,9121097
104515248189,0,0,0,9123999
104515248189,0,0,0,9128095
104515248189,0,0,0,9121609
104515248189,0,0,0,9126559
104515255295,0,0,0,9131508
104515255295,0,0,0,9125876
104515255295,0,0,0,9118708
104515255295,0,0,0,9123999
104515255295,0,0,0,9117513
104515262648,0,0,0,9128777
104515262648,0,0,0,9119049
104515262648,0,0,0,9127753
104515262648,0,0,0,9126217
104515262648,0,0,0,9122292
104515269319,0,0,0,9130655
104515269319,0,0,0,9122633
104515269319,0,0,0,9122804
104515269319,0,0,0,9125876
104515269319,0,0,0,9123316
104515277310,0,0,0,9126047
104515277310,0,0,0,9123145
104515277310,0,0,0,9119049
104515277310,0,0,0,9126900
104515277310,0,0,0,9127753
104515283388,0,0,0,9119732
104515283388,0,0,0,9127753
104515283388,0,0,0,9121439
104515283388,0,0,0,9118537
104515283388,0,0,0,9122804
104515290811,0,0,0,9122292
104515290811,0,0,0,9115124
104515290811,0,0,0,9118537
104515290811,0,0,0,9121268
104515290811,0,0,0,9125193
104515298177,0,0,0,9122121
104515298177,0,0,0,9122463
104515298177,0,0,0,9121609
104515298177,0,0,0,9126047
104515298177,0,0,0,9123657
104515305229,0,0,0,9119732
104515305229,0,0,0,9114441
104515305229,0,0,0,9125876
104515305229,0,0,0,9125705
104515305229,0,0,0,9134580
104515312384,0,0,0,9124681
104515312384,0,0,0,9130313
104515312384,0,0,0,9123316
104515312384,0,0,0,9123657
104515312384,0,0,0,9123657
104515320006,0,0,0,9118367
104515320006,0,0,0,9124169
104515320006,0,0,0,9123999
104515320006,0,0,0,9120415
104515320006,0,0,0,9122121
104515326373,0,0,0,9125364
104515326373,0,0,0,9117855
104515326373,0,0,0,9125705
104515326373,0,0,0,9125023
104515326373,0,0,0,9123145
104515334302,0,0,0,9114783
104515334302,0,0,0,9123657
104515334302,0,0,0,9123316
104515334302,0,0,0,9124511
104515334302,0,0,0,9124681
104515340620,0,0,0,9125023
104515340620,0,0,0,9119391
104515340620,0,0,0,9127924
104515340620,0,0,0,9121780
104515340620,0,0,0,9129289
104515347564,0,0,0,9119220
104515347564,0,0,0,9121439
104515347564,0,0,0,9117172
104515347564,0,0,0,9123145
104515347564,0,0,0,9124340
104515355466,0,0,0,9126559
104515355466,0,0,0,9122463
104515355466,0,0,0,9119391
104515355466,0,0,0,9119220
104515355466,0,0,0,9130484
104515361900,0,0,0,9123145
104515361900,0,0,0,9124511
104515361900,0,0,0,9122804
104515361900,0,0,0,9124340
104515361900,0,0,0,9121780
104515368816,0,0,0,9120244
104515368816,0,0,0,9119732
104515368816,0,0,0,9120585
104515368816,0,0,0,9123316
104515368816,0,0,0,9131508
104515376488,0,0,0,9124169
104515376488,0,0,0,9122804
104515376488,0,0,0,9119903
104515376488,0,0,0,9120073
104515376488,0,0,0,9132191
104515383424,0,0,0,9126217
104515383424,0,0,0,9119732
104515383424,0,0,0,9122463
104515383424,0,0,0,9122292
104515383424,0,0,0,9122463
104515390571,0,0,0,9121951
104515390571,0,0,0,9127583
104515390571,0,0,0,9119220
104515390571,0,0,0,9121780
104515390571,0,0,0,9119049
104515398162,0,0,0,9125876
104515398162,0,0,0,9120756
104515398162,0,0,0,9127412
104515398162,0,0,0,9130143
104515398162,0,0,0,9122975
104515405960,0,0,0,9124681
104515405960,0,0,0,9122121
104515405960,0,0,0,9123487
104515405960,0,0,0,9120927
104515405960,0,0,0,9123145
104515412203,0,0,0,9121609
104515412203,0,0,0,9119049
104515412203,0,0,0,9122121
104515412203,0,0,0,9120073
104515412203,0,0,0,9120927
104515419211,0,0,0,9122292
104515419211,0,0,0,9124681
104515419211,0,0,0,9126047
104515419211,0,0,0,9121268
104515419211,0,0,0,9125535
104515428597,0,0,0,9124511
104515428597,0,0,0,9130655
104515428597,0,0,0,9127071
104515428597,0,0,0,9121609
104515428597,0,0,0,9129289
104515434355,0,0,0,9123487
104515434355,0,0,0,9126900
104515434355,0,0,0,9121268
104515434355,0,0,0,9116660
104515434355,0,0,0,9127071
104515440918,0,0,0,9121268
104515440918,0,0,0,9127071
104515440918,0,0,0,9121439
104515440918,0,0,0,9124340
104515440918,0,0,0,9125535
104515448327,0,0,0,9121780
104515448327,0,0,0,9119903
104515448327,0,0,0,9117172
104515448327,0,0,0,9126047
104515448327,0,0,0,9120244
104515455104,0,0,0,9123657
104515455104,0,0,0,9117684
104515455104,0,0,0,9121609
104515455104,0,0,0,9126217
104515455104,0,0,0,9120585
104515462222,0,0,0,9124169
104515462222,0,0,0,9122975
104515462222,0,0,0,9122463
104515462222,0,0,0,9128777
104515462222,0,0,0,9121951
104515469517,0,0,0,9124169
104515469517,0,0,0,9118879
104515469517,0,0,0,9120585
104515469517,0,0,0,9120073
104515469517,0,0,0,9126047
104515476327,0,0,0,9122804
104515476327,0,0,0,9121439
104515476327,0,0,0,9124511
104515476327,0,0,0,9120927
104515476327,0,0,0,9118196
104515483587,0,0,0,9119049
104515483587,0,0,0,9118537
104515483587,0,0,0,9118025
104515483587,0,0,0,9126729
104515483587,0,0,0,9118708
104515490800,0,0,0,9126729
104515490800,0,0,0,9119220
104515490800,0,0,0,9121951
104515490800,0,0,0,9123657
104515490800,0,0,0,9121439
104515498171,0,0,0,9120415
104515498171,0,0,0,9124169
104515498171,0,0,0,9124852
104515498171,0,0,0,9123828
104515498171,0,0,0,9121097
104515505963,0,0,0,9122633
104515505963,0,0,0,9129801
104515505963,0,0,0,9120244
104515505963,0,0,0,9126388
104515505963,0,0,0,9124169
104515512129,0,0,0,9123487
104515512129,0,0,0,9119903
104515512129,0,0,0,9121097
104515512129,0,0,0,9124852
104515512129,0,0,0,9124681
104515519228,0,0,0,9122121
104515519228,0,0,0,9121951
104515519228,0,0,0,9127583
104515519228,0,0,0,9121780
104515519228,0,0,0,9123999
104515526954,0,0,0,9128436
104515526954,0,0,0,9122121
104515526954,0,0,0,9122975
104515526954,0,0,0,9123999
104515526954,0,0,0,9121780
104515533745,0,0,0,9118196
104515533745,0,0,0,9125535
104515533745,0,0,0,9127071
104515533745,0,0,0,9127241
104515533745,0,0,0,9119220
104515540884,0,0,0,9123316
104515540884,0,0,0,9119049
104515540884,0,0,0,9123657
104515540884,0,0,0,9125876
104515540884,0,0,0,9126388
104515548246,0,0,0,9118367
104515548246,0,0,0,9122121
104515548246,0,0,0,9121609
104515548246,0,0,0,9126047
104515548246,0,0,0,9127071
104515556000,0,0,0,9119561
104515556000,0,0,0,9124681
104515556000,0,0,0,9123657
104515556000,0,0,0,9123828
104515556000,0,0,0,9119732
104515562263,0,0,0,9127924
104515562263,0,0,0,9122975
104515562263,0,0,0,9124681
104515562263,0,0,0,9128436
104515562263,0,0,0,9130143
104515569826,0,0,0,9120756
104515569826,0,0,0,9116831
104515569826,0,0,0,9118196
104515569826,0,0,0,9123145
104515569826,0,0,0,9128436
104515576929,0,0,0,9125876
104515576929,0,0,0,9124340
104515576929,0,0,0,9122292
104515576929,0,0,0,9125193
104515576929,0,0,0,9121097
104515583730,0,0,0,9124511
104515583730,0,0,0,9121780
104515583730,0,0,0,9122121
104515583730,0,0,0,9125364
104515583730,0,0,0,9122633
104515590970,0,0,0,9123999
104515590970,0,0,0,9121097
104515590970,0,0,0,9126559
104515590970,0,0,0,9120756
104515590970,0,0,0,9123657
104515598225,0,0,0,9122633
104515598225,0,0,0,9123145
104515598225,0,0,0,9125364
104515598225,0,0,0,9125705
104515598225,0,0,0,9119391
104515605464,0,0,0,9125705
104515605464,0,0,0,9121609
104515605464,0,0,0,9121609
104515605464,0,0,0,9123828
104515605464,0,0,0,9119391
104515612722,0,0,0,9120756
104515612722,0,0,0,9121951
104515612722,0,0,0,9125364
104515612722,0,0,0,9123999
104515612722,0,0,0,9123828
104515619547,0,0,0,9126729
104515619547,0,0,0,9122292
104515619547,0,0,0,9126388
104515619547,0,0,0,9123828
104515619547,0,0,0,9126900
104515626906,0,0,0,9113588
104515626906,0,0,0,9118708
104515626906,0,0,0,9126388
104515626906,0,0,0,9120756
104515626906,0,0,0,9124681
104515633868,0,0,0,9123145
104515633868,0,0,0,9122121
104515633868,0,0,0,9119903
104515633868,0,0,0,9125023
104515633868,0,0,0,9122292
104515640905,0,0,0,9127412
104515640905,0,0,0,9121268
104515640905,0,0,0,9127241
104515640905,0,0,0,9123657
104515640905,0,0,0,9126217
104515648029,0,0,0,9122804
104515648029,0,0,0,9121609
104515648029,0,0,0,9122121
104515648029,0,0,0,9123657
104515648029,0,0,0,9122804
104515655210,0,0,0,9129119
104515655210,0,0,0,9123487
104515655210,0,0,0,9121268
104515655210,0,0,0,9127924
104515655210,0,0,0,9122633
104515662370,0,0,0,9124340
104515662370,0,0,0,9126559
104515662370,0,0,0,9120756
104515662370,0,0,0,9122121
104515662370,0,0,0,9115636
104515669534,0,0,0,9122292
104515669534,0,0,0,9121268
104515669534,0,0,0,9127241
104515669534,0,0,0,9117513
104515669534,0,0,0,9122292
104515676786,0,0,0,9128265
104515676786,0,0,0,9132532
104515676786,0,0,0,9127241
104515676786,0,0,0,9124340
104515676786,0,0,0,9126047
104515684717,0,0,0,9121268
104515684717,0,0,0,9126217
104515684717,0,0,0,9123657
104515684717,0,0,0,9126047
104515684717,0,0,0,9122292
104515691264,0,0,0,9126729
104515691264,0,0,0,9117001
104515691264,0,0,0,9122121
104515691264,0,0,0,9117513
104515691264,0,0,0,9126559
104515698216,0,0,0,9123145
104515698216,0,0,0,9125023
104515698216,0,0,0,9123657
104515698216,0,0,0,9124169
104515698216,0,0,0,9121268
104515705293,0,0,0,9121268
104515705293,0,0,0,9127241
104515705293,0,0,0,9124852
104515705293,0,0,0,9127753
104515705293,0,0,0,9121439
104515712521,0,0,0,9126047
104515712521,0,0,0,9121268
104515712521,0,0,0,9126729
104515712521,0,0,0,9119220
104515712521,0,0,0,9123316
104515719800,0,0,0,9121439
104515719800,0,0,0,9123145
104515719800,0,0,0,9124852
104515719800,0,0,0,9128948
104515719800,0,0,0,9126900
104515727696,0,0,0,9123999
104515727696,0,0,0,9124169
104515727696,0,0,0,9124852
104515727696,0,0,0,9129119
104515727696,0,0,0,9125364
104515734061,0,0,0,9125705
104515734061,0,0,0,9132361
104515734061,0,0,0,9122804
104515734061,0,0,0,9125193
104515734061,0,0,0,9117855
104515741307,0,0,0,9123828
104515741307,0,0,0,9118367
104515741307,0,0,0,9122463
104515741307,0,0,0,9129460
104515741307,0,0,0,9118367
104515748496,0,0,0,9124169
104515748496,0,0,0,9123316
104515748496,0,0,0,9126900
104515748496,0,0,0,9123316
104515748496,0,0,0,9121780
104515755564,0,0,0,9125364
104515755564,0,0,0,9126217
104515755564,0,0,0,9127583
104515755564,0,0,0,9118025
104515755564,0,0,0,9125364
104515763061,0,0,0,9120244
104515763061,0,0,0,9117343
104515763061,0,0,0,9125364
104515763061,0,0,0,9130313
104515763061,0,0,0,9122292
104515770377,0,0,0,9119391
104515770377,0,0,0,9125535
104515770377,0,0,0,9119049
104515770377,0,0,0,9122463
104515770377,0,0,0,9118708
104515777739,0,0,0,9123999
104515777739,0,0,0,9123657
104515777739,0,0,0,9129801
104515777739,0,0,0,9120415
104515777739,0,0,0,9118537
104515785997,0,0,0,9121609
104515785997,0,0,0,9123316
104515785997,0,0,0,9119391
104515785997,0,0,0,9125193
104515785997,0,0,0,9122463
104515792408,0,0,0,9123828
104515792408,0,0,0,9122633
104515792408,0,0,0,9122463
104515792408,0,0,0,9115977
104515792408,0,0,0,9125023
104515799206,0,0,0,9122804
104515799206,0,0,0,9123999
104515799206,0,0,0,9127924
104515799206,0,0,0,9123999
104515799206,0,0,0,9124681
104515806857,0,0,0,9115977
104515806857,0,0,0,9125876
104515806857,0,0,0,9124681
104515806857,0,0,0,9125535
104515806857,0,0,0,9119903
104515813306,0,0,0,9128265
104515813306,0,0,0,9122633
104515813306,0,0,0,9121609
104515813306,0,0,0,9127241
104515813306,0,0,0,9124681
104515821151,0,0,0,9122804
104515821151,0,0,0,9119391
104515821151,0,0,0,9125876
104515821151,0,0,0,9120756
104515821151,0,0,0,9120073
104515827811,0,0,0,9122463
104515827811,0,0,0,9129460
104515827811,0,0,0,9124852
104515827811,0,0,0,9120244
104515827811,0,0,0,9122804
104515834763,0,0,0,9123657
104515834763,0,0,0,9123316
104515834763,0,0,0,9124852
104515834763,0,0,0,9126388
104515834763,0,0,0,9117343
104515841910,0,0,0,9124511
104515841910,0,0,0,9120756
104515841910,0,0,0,9119732
104515841910,0,0,0,9122975
104515841910,0,0,0,9127071
104515848941,0,0,0,9129289
104515848941,0,0,0,9115807
104515848941,0,0,0,9123487
104515848941,0,0,0,9127753
104515848941,0,0,0,9123145
104515855593,0,0,0,9119561
104515855593,0,0,0,9121268
104515855593,0,0,0,9128436
104515855593,0,0,0,9123487
104515855593,0,0,0,9121780
104515862839,0,0,0,9121951
104515862839,0,0,0,9127412
104515862839,0,0,0,9120244
104515862839,0,0,0,9126729
104515862839,0,0,0,9126217
104515870532,0,0,0,9124169
104515870532,0,0,0,9122121
104515870532,0,0,0,9125705
104515870532,0,0,0,9130655
104515870532,0,0,0,9118708
104515877358,0,0,0,9116489
104515877358,0,0,0,9124852
104515877358,0,0,0,9121780
104515877358,0,0,0,9123316
104515877358,0,0,0,9121097
104515884369,0,0,0,9117172
104515884369,0,0,0,9120585
104515884369,0,0,0,9127924
104515884369,0,0,0,9124511
104515884369,0,0,0,9121439
104515891655,0,0,0,9129460
104515891655,0,0,0,9117001
104515891655,0,0,0,9123828
104515891655,0,0,0,9116660
104515891655,0,0,0,9122804
104515898486,0,0,0,9130313
104515898486,0,0,0,9120756
104515898486,0,0,0,9128095
104515898486,0,0,0,9128436
104515898486,0,0,0,9123657
104515905627,0,0,0,9122804
104515905627,0,0,0,9121780
104515905627,0,0,0,9117513
104515905627,0,0,0,9128948
104515905627,0,0,0,9124852
104515912993,0,0,0,9122463
104515912993,0,0,0,9121268
104515912993,0,0,0,9125705
104515912993,0,0,0,9126559
104515912993,0,0,0,9125876
104515920103,0,0,0,9122633
104515920103,0,0,0,9132361
104515920103,0,0,0,9117513
104515920103,0,0,0,9123145
104515920103,0,0,0,9124169
104515927341,0,0,0,9120756
104515927341,0,0,0,9119220
104515927341,0,0,0,9120585
104515927341,0,0,0,9129289
104515927341,0,0,0,9126729
104515934657,0,0,0,9128607
104515934657,0,0,0,9126729
104515934657,0,0,0,9133215
104515934657,0,0,0,9126559
104515934657,0,0,0,9125364
104515942002,0,0,0,9121609
104515942002,0,0,0,9122633
104515942002,0,0,0,9126729
104515942002,0,0,0,9123657
104515942002,0,0,0,9126047
104515948805,0,0,0,9119903
104515948805,0,0,0,9117343
104515948805,0,0,0,9125535
104515948805,0,0,0,9125535
104515948805,0,0,0,9121439
104515956246,0,0,0,9120244
104515956246,0,0,0,9123487
104515956246,0,0,0,9121609
104515956246,0,0,0,9120415
104515956246,0,0,0,9119220
104515963100,0,0,0,9120073
104515963100,0,0,0,9124169
104515963100,0,0,0,9126900
104515963100,0,0,0,9119732
104515963100,0,0,0,9119391
104515970336,0,0,0,9120927
104515970336,0,0,0,9115807
104515970336,0,0,0,9116831
104515970336,0,0,0,9122975
104515970336,0,0,0,9129289
104515977730,0,0,0,9121609
104515977730,0,0,0,9123145
104515977730,0,0,0,9120585
104515977730,0,0,0,9122633
104515977730,0,0,0,9118367
104515984657,0,0,0,9114441
104515984657,0,0,0,9129801
104515984657,0,0,0,9132191
104515984657,0,0,0,9129289
104515984657,0,0,0,9119220
104515992196,0,0,0,9127071
104515992196,0,0,0,9127753
104515992196,0,0,0,9121780
104515992196,0,0,0,9118025
104515992196,0,0,0,9122121
104515998851,0,0,0,9127241
104515998851,0,0,0,9125023
104515998851,0,0,0,9129460
104515998851,0,0,0,9122121
104515998851,0,0,0,9121268
104516006467,0,0,0,9130143
104516006467,0,0,0,9125535
104516006467,0,0,0,9124511
104516006467,0,0,0,9126047
104516006467,0,0,0,9116319
104516013677,0,0,0,9124852
104516013677,0,0,0,9126900
104516013677,0,0,0,9120073
104516013677,0,0,0,9118537
104516013677,0,0,0,9120585
104516020521,0,0,0,9121609
104516020521,0,0,0,9124511
104516020521,0,0,0,9122121
104516020521,0,0,0,9119049
104516020521,0,0,0,9123316
104516027454,0,0,0,9122975
104516027454,0,0,0,9123999
104516027454,0,0,0,9120585
104516027454,0,0,0,9125193
104516027454,0,0,0,9122463
104516035055,0,0,0,9129289
104516035055,0,0,0,9119391
104516035055,0,0,0,9126900
104516035055,0,0,0,9130313
104516035055,0,0,0,9122292
104516041730,0,0,0,9119732
104516041730,0,0,0,9122292
104516041730,0,0,0,9118537
104516041730,0,0,0,9126729
104516041730,0,0,0,9121780
104516048850,0,0,0,9117513
104516048850,0,0,0,9120585
104516048850,0,0,0,9132020
104516048850,0,0,0,9123316
104516048850,0,0,0,9132532
104516057516,0,0,0,9128436
104516057516,0,0,0,9130313
104516057516,0,0,0,9128265
104516057516,0,0,0,9121609
104516057516,0,0,0,9125535
104516063250,0,0,0,9121951
104516063250,0,0,0,9129460
104516063250,0,0,0,9120585
104516063250,0,0,0,9118025
104516063250,0,0,0,9125023
104516070841,0,0,0,9122292
104516070841,0,0,0,9123145
104516070841,0,0,0,9119732
104516070841,0,0,0,9126729
104516070841,0,0,0,9124169
104516077728,0,0,0,9124340
104516077728,0,0,0,9126559
104516077728,0,0,0,9122121
104516077728,0,0,0,9127924
104516077728,0,0,0,9121097
104516084711,0,0,0,9123828
104516084711,0,0,0,9123828
104516084711,0,0,0,9119903
104516084711,0,0,0,9119561
104516084711,0,0,0,9126217
104516092108,0,0,0,9117001
104516092108,0,0,0,9121780
104516092108,0,0,0,9121439
104516092108,0,0,0,9123487
104516092108,0,0,0,9128436
104516099464,0,0,0,9118367
104516099464,0,0,0,9124511
104516099464,0,0,0,9126047
104516099464,0,0,0,9125193
104516099464,0,0,0,9117513
104516106408,0,0,0,9121609
104516106408,0,0,0,9119561
104516106408,0,0,0,9120244
104516106408,0,0,0,9115465
104516106408,0,0,0,9119561
104516113861,0,0,0,9128607
104516113861,0,0,0,9122463
104516113861,0,0,0,9125023
104516113861,0,0,0,9120756
104516113861,0,0,0,9124681
104516121159,0,0,0,9115295
104516121159,0,0,0,9121609
104516121159,0,0,0,9125876
104516121159,0,0,0,9123316
104516121159,0,0,0,9119391
104516128149,0,0,0,9123828
104516128149,0,0,0,9123145
104516128149,0,0,0,9121780
104516128149,0,0,0,9120756
104516128149,0,0,0,9118025
104516134970,0,0,0,9119903
104516134970,0,0,0,9124681
104516134970,0,0,0,9118879
104516134970,0,0,0,9120927
104516134970,0,0,0,9118367
104516141889,0,0,0,9118879
104516141889,0,0,0,9119049
104516141889,0,0,0,9122463
104516141889,0,0,0,9122975
104516141889,0,0,0,9123316
104516149059,0,0,0,9124340
104516149059,0,0,0,9122633
104516149059,0,0,0,9126047
104516149059,0,0,0,9121268
104516149059,0,0,0,9116489
104516156872,0,0,0,9116831
104516156872,0,0,0,9123316
104516156872,0,0,0,9121268
104516156872,0,0,0,9128095
104516156872,0,0,0,9120415
104516163353,0,0,0,9122463
104516163353,0,0,0,9121268
104516163353,0,0,0,9119391
104516163353,0,0,0,9121780
104516163353,0,0,0,9128436
104516171072,0,0,0,9114953
104516171072,0,0,0,9119903
104516171072,0,0,0,9124340
104516171072,0,0,0,9130996
104516171072,0,0,0,9124681
104516178150,0,0,0,9125364
104516178150,0,0,0,9127583
104516178150,0,0,0,9121951
104516178150,0,0,0,9122804
104516178150,0,0,0,9126900
104516185199,0,0,0,9126047
104516185199,0,0,0,9119391
104516185199,0,0,0,9118367
104516185199,0,0,0,9121268
104516185199,0,0,0,9115636
104516192465,0,0,0,9116831
104516192465,0,0,0,9116148
104516192465,0,0,0,9123828
104516192465,0,0,0,9119391
104516192465,0,0,0,9120073
104516199240,0,0,0,9115977
104516199240,0,0,0,9123145
104516199240,0,0,0,9117684
104516199240,0,0,0,9119903
104516199240,0,0,0,9122463
104516206895,0,0,0,9123657
104516206895,0,0,0,9122633
104516206895,0,0,0,9124340
104516206895,0,0,0,9118708
104516206895,0,0,0,9119220
104516213589,0,0,0,9118879
104516213589,0,0,0,9120756
104516213589,0,0,0,9122804
104516213589,0,0,0,9121268
104516213589,0,0,0,9119391
104516220873,0,0,0,9127412
104516220873,0,0,0,9120244
104516220873,0,0,0,9120927
104516220873,0,0,0,9116489
104516220873,0,0,0,9121439
104516228268,0,0,0,9124852
104516228268,0,0,0,9119561
104516228268,0,0,0,9120756
104516228268,0,0,0,9124681
104516228268,0,0,0,9115295
104516235647,0,0,0,9119391
104516235647,0,0,0,9123828
104516235647,0,0,0,9123999
104516235647,0,0,0,9120415
104516235647,0,0,0,9123487
104516242604,0,0,0,9123145
104516242604,0,0,0,9117172
104516242604,0,0,0,9130484
104516242604,0,0,0,9119903
104516242604,0,0,0,9123145
104516250351,0,0,0,9124852
104516250351,0,0,0,9121439
104516250351,0,0,0,9123145
104516250351,0,0,0,9120756
104516250351,0,0,0,9112906
104516257056,0,0,0,9125876
104516257056,0,0,0,9118708
104516257056,0,0,0,9120585
104516257056,0,0,0,9122121
104516257056,0,0,0,9125876
104516263925,0,0,0,9117684
104516263925,0,0,0,9123999
104516263925,0,0,0,9125876
104516263925,0,0,0,9121268
104516263925,0,0,0,9122633
104516271183,0,0,0,9124852
104516271183,0,0,0,9123487
104516271183,0,0,0,9125364
104516271183,0,0,0,9125023
104516271183,0,0,0,9116831
104516278301,0,0,0,9123999
104516278301,0,0,0,9119903
104516278301,0,0,0,9112223
104516278301,0,0,0,9129801
104516278301,0,0,0,9118879
104516285433,0,0,0,9122633
104516285433,0,0,0,9124852
104516285433,0,0,0,9115636
104516285433,0,0,0,9117684
104516285433,0,0,0,9117343
104516292349,0,0,0,9119561
104516292349,0,0,0,9122463
104516292349,0,0,0,9123487
104516292349,0,0,0,9115124
104516292349,0,0,0,9119561
104516299533,0,0,0,9123828
104516299533,0,0,0,9118367
104516299533,0,0,0,9123828
104516299533,0,0,0,9116831
104516299533,0,0,0,9133385
104516306996,0,0,0,9125193
104516306996,0,0,0,9121609
104516306996,0,0,0,9127071
104516306996,0,0,0,9110858
104516306996,0,0,0,9118367
104516313952,0,0,0,9119049
104516313952,0,0,0,9120927
104516313952,0,0,0,9115295
104516313952,0,0,0,9124852
104516313952,0,0,0,9122975
104516321133,0,0,0,9130996
104516321133,0,0,0,9114271
104516321133,0,0,0,9118708
104516321133,0,0,0,9120585
104516321133,0,0,0,9115977
104516328473,0,0,0,9123999
104516328473,0,0,0,9119903
104516328473,0,0,0,9121097
104516328473,0,0,0,9120073
104516328473,0,0,0,9120585
104516336075,0,0,0,9122463
104516336075,0,0,0,9117684
104516336075,0,0,0,9121097
104516336075,0,0,0,9121439
104516336075,0,0,0,9122292
104516342661,0,0,0,9123316
104516342661,0,0,0,9125876
104516342661,0,0,0,9115465
104516342661,0,0,0,9121439
104516342661,0,0,0,9123657
104516349947,0,0,0,9122975
104516349947,0,0,0,9125876
104516349947,0,0,0,9123999
104516349947,0,0,0,9119391
104516349947,0,0,0,9123145
104516357846,0,0,0,9125193
104516357846,0,0,0,9121439
104516357846,0,0,0,9124511
104516357846,0,0,0,9126388
104516357846,0,0,0,9125364
104516364444,0,0,0,9122633
104516364444,0,0,0,9122463
104516364444,0,0,0,9121780
104516364444,0,0,0,9126388
104516364444,0,0,0,9120244
104516371262,0,0,0,9118025
104516371262,0,0,0,9123999
104516371262,0,0,0,9124169
104516371262,0,0,0,9127071
104516371262,0,0,0,9122463
104516378656,0,0,0,9128095
104516378656,0,0,0,9116660
104516378656,0,0,0,9122804
104516378656,0,0,0,9123145
104516378656,0,0,0,9125023
104516385783,0,0,0,9127753
104516385783,0,0,0,9124169
104516385783,0,0,0,9122804
104516385783,0,0,0,9124852
104516385783,0,0,0,9120756
104516393005,0,0,0,9126388
104516393005,0,0,0,9119903
104516393005,0,0,0,9127241
104516393005,0,0,0,9121780
104516393005,0,0,0,9118879
104516399881,0,0,0,9120756
104516399881,0,0,0,9124169
104516399881,0,0,0,9123145
104516399881,0,0,0,9118537
104516399881,0,0,0,9124169
104516406937,0,0,0,9120927
104516406937,0,0,0,9117855
104516406937,0,0,0,9116148
104516406937,0,0,0,9124169
104516406937,0,0,0,9121097
104516414323,0,0,0,9117001
104516414323,0,0,0,9130825
104516414323,0,0,0,9120244
104516414323,0,0,0,9125876
104516414323,0,0,0,9125535
104516421563,0,0,0,9118196
104516421563,0,0,0,9119903
104516421563,0,0,0,9119561
104516421563,0,0,0,9124511
104516421563,0,0,0,9125193
104516428433,0,0,0,9122121
104516428433,0,0,0,9125364
104516428433,0,0,0,9116831
104516428433,0,0,0,9122292
104516428433,0,0,0,9121780
104516435743,0,0,0,9125876
104516435743,0,0,0,9114612
104516435743,0,0,0,9116148
104516435743,0,0,0,9128607
104516435743,0,0,0,9123828
104516443282,0,0,0,9120415
104516443282,0,0,0,9124169
104516443282,0,0,0,9126729
104516443282,0,0,0,9125193
104516443282,0,0,0,9123145
104516450008,0,0,0,9115124
104516450008,0,0,0,9122804
104516450008,0,0,0,9117855
104516450008,0,0,0,9117684
104516450008,0,0,0,9120756
104516457746,0,0,0,9123657
104516457746,0,0,0,9126388
104516457746,0,0,0,9114271
104516457746,0,0,0,9119903
104516457746,0,0,0,9121097
104516464097,0,0,0,9121609
104516464097,0,0,0,9122463
104516464097,0,0,0,9122975
104516464097,0,0,0,9121780
104516464097,0,0,0,9121439
104516471588,0,0,0,9123316
104516471588,0,0,0,9118708
104516471588,0,0,0,9118537
104516471588,0,0,0,9117001
104516471588,0,0,0,9119049
104516478544,0,0,0,9125876
104516478544,0,0,0,9122121
104516478544,0,0,0,9120927
104516478544,0,0,0,9123999
104516478544,0,0,0,9119903
104516485832,0,0,0,9127241
104516485832,0,0,0,9123145
104516485832,0,0,0,9123487
104516485832,0,0,0,9120756
104516485832,0,0,0,9122463
104516493130,0,0,0,9122804
104516493130,0,0,0,9130484
104516493130,0,0,0,9120244
104516493130,0,0,0,9121097
104516493130,0,0,0,9119220
104516499911,0,0,0,9124340
104516499911,0,0,0,9117855
104516499911,0,0,0,9123145
104516499911,0,0,0,9123828
104516499911,0,0,0,9117513
104516507322,0,0,0,9125023
104516507322,0,0,0,9120415
104516507322,0,0,0,9116319
104516507322,0,0,0,9121439
104516507322,0,0,0,9120756
104516514911,0,0,0,9117001
104516514911,0,0,0,9126900
104516514911,0,0,0,9120756
104516514911,0,0,0,9120756
104516514911,0,0,0,9127241
104516521714,0,0,0,9124169
104516521714,0,0,0,9122463
104516521714,0,0,0,9123145
104516521714,0,0,0,9125023
104516521714,0,0,0,9119049
104516528528,0,0,0,9131679
104516528528,0,0,0,9118196
104516528528,0,0,0,9126729
104516528528,0,0,0,9125023
104516528528,0,0,0,9120415
104516536682,0,0,0,9118879
104516536682,0,0,0,9129460
104516536682,0,0,0,9123316
104516536682,0,0,0,9128777
104516536682,0,0,0,9120756
104516542756,0,0,0,9123487
104516542756,0,0,0,9124681
104516542756,0,0,0,9115636
104516542756,0,0,0,9123487
104516542756,0,0,0,9117001
104516550084,0,0,0,9123657
104516550084,0,0,0,9117513
104516550084,0,0,0,9118196
104516550084,0,0,0,9119732
104516550084,0,0,0,9116660
104516557090,0,0,0,9125705
104516557090,0,0,0,9122292
104516557090,0,0,0,9120244
104516557090,0,0,0,9121951
104516557090,0,0,0,9125193
104516564606,0,0,0,9120585
104516564606,0,0,0,9128095
104516564606,0,0,0,9119561
104516564606,0,0,0,9115636
104516564606,0,0,0,9122633
104516571462,0,0,0,9122975
104516571462,0,0,0,9122121
104516571462,0,0,0,9118537
104516571462,0,0,0,9122121
104516571462,0,0,0,9121780
104516578646,0,0,0,9122463
104516578646,0,0,0,9124169
104516578646,0,0,0,9122463
104516578646,0,0,0,9120927
104516578646,0,0,0,9119049
104516585876,0,0,0,9123828
104516585876,0,0,0,9121097
104516585876,0,0,0,9120756
104516585876,0,0,0,9125876
104516585876,0,0,0,9126388
104516593053,0,0,0,9113247
104516593053,0,0,0,9120415
104516593053,0,0,0,9120756
104516593053,0,0,0,9117172
104516593053,0,0,0,9120415
104516600172,0,0,0,9125876
104516600172,0,0,0,9121609
104516600172,0,0,0,9125535
104516600172,0,0,0,9116319
104516600172,0,0,0,9121951
104516607915,0,0,0,9119903
104516607915,0,0,0,9121268
104516607915,0,0,0,9121780
104516607915,0,0,0,9119561
104516607915,0,0,0,9120415
104516614695,0,0,0,9122121
104516614695,0,0,0,9119732
104516614695,0,0,0,9123487
104516614695,0,0,0,9116489
104516614695,0,0,0,9117684
104516621865,0,0,0,9120927
104516621865,0,0,0,9121268
104516621865,0,0,0,9113929
104516621865,0,0,0,9122292
104516621865,0,0,0,9119903
104516628934,0,0,0,9119049
104516628934,0,0,0,9120585
104516628934,0,0,0,9122463
104516628934,0,0,0,9126900
104516628934,0,0,0,9124681
104516636949,0,0,0,9120244
104516636949,0,0,0,9119903
104516636949,0,0,0,9118879
104516636949,0,0,0,9123999
104516636949,0,0,0,9120585
104516643212,0,0,0,9118537
104516643212,0,0,0,9121268
104516643212,0,0,0,9113588
104516643212,0,0,0,9121439
104516643212,0,0,0,9125193
104516650081,0,0,0,9125535
104516650081,0,0,0,9121268
104516650081,0,0,0,9114100
104516650081,0,0,0,9120585
104516650081,0,0,0,9117513
104516657643,0,0,0,9125364
104516657643,0,0,0,9124681
104516657643,0,0,0,9114271
104516657643,0,0,0,9122804
104516657643,0,0,0,9121268
104516664348,0,0,0,9121780
104516664348,0,0,0,9115465
104516664348,0,0,0,9121268
104516664348,0,0,0,9119049
104516664348,0,0,0,9115807
104516671885,0,0,0,9118025
104516671885,0,0,0,9121951
104516671885,0,0,0,9119391
104516671885,0,0,0,9119049
104516671885,0,0,0,9123999
104516679443,0,0,0,9122121
104516679443,0,0,0,9117172
104516679443,0,0,0,9113247
104516679443,0,0,0,9123657
104516679443,0,0,0,9119220
104516687023,0,0,0,9117172
104516687023,0,0,0,9121951
104516687023,0,0,0,9123316
104516687023,0,0,0,9123657
104516687023,0,0,0,9118708
104516693507,0,0,0,9117855
104516693507,0,0,0,9129289
104516693507,0,0,0,9120585
104516693507,0,0,0,9122292
104516693507,0,0,0,9120073
104516700536,0,0,0,9124340
104516700536,0,0,0,9122633
104516700536,0,0,0,9122121
104516700536,0,0,0,9124340
104516700536,0,0,0,9118708
104516708042,0,0,0,9121609
104516708042,0,0,0,9121268
104516708042,0,0,0,9119732
104516708042,0,0,0,9121951
104516708042,0,0,0,9121780
104516714455,0,0,0,9121439
104516714455,0,0,0,9127753
104516714455,0,0,0,9119391
104516714455,0,0,0,9116148
104516714455,0,0,0,9119903
104516721642,0,0,0,9121439
104516721642,0,0,0,9114953
104516721642,0,0,0,9122804
104516721642,0,0,0,9128095
104516721642,0,0,0,9119732
104516729236,0,0,0,9118537
104516729236,0,0,0,9120927
104516729236,0,0,0,9128095
104516729236,0,0,0,9115465
104516729236,0,0,0,9115636
104516736010,0,0,0,9120756
104516736010,0,0,0,9119903
104516736010,0,0,0,9121951
104516736010,0,0,0,9119732
104516736010,0,0,0,9121439
104516743108,0,0,0,9123657
104516743108,0,0,0,9125364
104516743108,0,0,0,9128436
104516743108,0,0,0,9121439
104516743108,0,0,0,9124340
104516750662,0,0,0,9118879
104516750662,0,0,0,9121439
104516750662,0,0,0,9117684
104516750662,0,0,0,9129801
104516750662,0,0,0,9116831
104516757902,0,0,0,9129460
104516757902,0,0,0,9117855
104516757902,0,0,0,9119391
104516757902,0,0,0,9127412
104516757902,0,0,0,9128607
104516764674,0,0,0,9124169
104516764674,0,0,0,9114271
104516764674,0,0,0,9119049
104516764674,0,0,0,9127924
104516764674,0,0,0,9125193
104516771732,0,0,0,9120756
104516771732,0,0,0,9124169
104516771732,0,0,0,9124852
104516771732,0,0,0,9119732
104516771732,0,0,0,9124511
104516778964,0,0,0,9125364
104516778964,0,0,0,9126729
104516778964,0,0,0,9117001
104516778964,0,0,0,9120244
104516778964,0,0,0,9122121
104516786115,0,0,0,9123828
104516786115,0,0,0,9127241
104516786115,0,0,0,9127924
104516786115,0,0,0,9122633
104516786115,0,0,0,9114953
104516793199,0,0,0,9127753
104516793199,0,0,0,9122121
104516793199,0,0,0,9123999
104516793199,0,0,0,9122121
104516793199,0,0,0,9126047
104516800773,0,0,0,9123657
104516800773,0,0,0,9121268
104516800773,0,0,0,9129119
104516800773,0,0,0,9120585
104516800773,0,0,0,9127412
104516808019,0,0,0,9121609
104516808019,0,0,0,9124340
104516808019,0,0,0,9120927
104516808019,0,0,0,9127753
104516808019,0,0,0,9126047
104516814653,0,0,0,9121097
104516814653,0,0,0,9119561
104516814653,0,0,0,9121951
104516814653,0,0,0,9120415
104516814653,0,0,0,9122463
104516822519,0,0,0,9122463
104516822519,0,0,0,9119220
104516822519,0,0,0,9123657
104516822519,0,0,0,9122633
104516822519,0,0,0,9121439
104516829145,0,0,0,9123145
104516829145,0,0,0,9126900
104516829145,0,0,0,9127071
104516829145,0,0,0,9117513
104516829145,0,0,0,9122633
104516836169,0,0,0,9127924
104516836169,0,0,0,9118537
104516836169,0,0,0,9122975
104516836169,0,0,0,9120756
104516836169,0,0,0,9123487
104516843942,0,0,0,9119732
104516843942,0,0,0,9126388
104516843942,0,0,0,9121780
104516843942,0,0,0,9127071
104516843942,0,0,0,9118708
104516850470,0,0,0,9125364
104516850470,0,0,0,9120585
104516850470,0,0,0,9119903
104516850470,0,0,0,9120244
104516850470,0,0,0,9128436
104516858012,0,0,0,9121268
104516858012,0,0,0,9124340
104516858012,0,0,0,9123316
104516858012,0,0,0,9124511
104516858012,0,0,0,9125364
104516864743,0,0,0,9126047
104516864743,0,0,0,9127241
104516864743,0,0,0,9124852
104516864743,0,0,0,9132703
104516864743,0,0,0,9122121
104516871992,0,0,0,9122804
104516871992,0,0,0,9120585
104516871992,0,0,0,9124340
104516871992,0,0,0,9123828
104516871992,0,0,0,9126729
104516879160,0,0,0,9119903
104516879160,0,0,0,9119903
104516879160,0,0,0,9126217
104516879160,0,0,0,9119391
104516879160,0,0,0,9129631
104516886332,0,0,0,9121951
104516886332,0,0,0,9126559
104516886332,0,0,0,9121609
104516886332,0,0,0,9124340
104516886332,0,0,0,9125535
104516893899,0,0,0,9122975
104516893899,0,0,0,9128265
104516893899,0,0,0,9123828
104516893899,0,0,0,9118367
104516893899,0,0,0,9128095
104516901119,0,0,0,9124169
104516901119,0,0,0,9125193
104516901119,0,0,0,9119220
104516901119,0,0,0,9117684
104516901119,0,0,0,9120756
104516908152,0,0,0,9123145
104516908152,0,0,0,9121609
104516908152,0,0,0,9129289
104516908152,0,0,0,9128436
104516908152,0,0,0,9127924
104516914911,0,0,0,9130484
104516914911,0,0,0,9124511
104516914911,0,0,0,9120585
104516914911,0,0,0,9124681
104516914911,0,0,0,9119049
104516922133,0,0,0,9122633
104516922133,0,0,0,9121780
104516922133,0,0,0,9122633
104516922133,0,0,0,9124852
104516922133,0,0,0,9124511
104516929195,0,0,0,9127412
104516929195,0,0,0,9116148
104516929195,0,0,0,9121268
104516929195,0,0,0,9123828
104516929195,0,0,0,9128607
104516936837,0,0,0,9125876
104516936837,0,0,0,9120756
104516936837,0,0,0,9123145
104516936837,0,0,0,9116319
104516936837,0,0,0,9117513
104516943553,0,0,0,9123316
104516943553,0,0,0,9120756
104516943553,0,0,0,9121609
104516943553,0,0,0,9125023
104516943553,0,0,0,9124511
104516951053,0,0,0,9121439
104516951053,0,0,0,9123828
104516951053,0,0,0,9125023
104516951053,0,0,0,9115636
104516951053,0,0,0,9129460
104516957866,0,0,0,9117855
104516957866,0,0,0,9126729
104516957866,0,0,0,9123316
104516957866,0,0,0,9114783
104516957866,0,0,0,9124852
104516964996,0,0,0,9119732
104516964996,0,0,0,9118025
104516964996,0,0,0,9121439
104516964996,0,0,0,9120415
104516964996,0,0,0,9125364
104516972135,0,0,0,9124340
104516972135,0,0,0,9119732
104516972135,0,0,0,9116831
104516972135,0,0,0,9120756
104516972135,0,0,0,9121951
104516979448,0,0,0,9127583
104516979448,0,0,0,9123316
104516979448,0,0,0,9132703
104516979448,0,0,0,9121609
104516979448,0,0,0,9124511
104516986609,0,0,0,9126047
104516986609,0,0,0,9123999
104516986609,0,0,0,9121268
104516986609,0,0,0,9119732
104516986609,0,0,0,9120244
104516993593,0,0,0,9120585
104516993593,0,0,0,9120927
104516993593,0,0,0,9131679
104516993593,0,0,0,9119903
104516993593,0,0,0,9122121
104517003871,0,0,0,9123999
104517003871,0,0,0,9120585
104517003871,0,0,0,9124852
104517003871,0,0,0,9127412
104517003871,0,0,0,9122633
104517008215,0,0,0,9132361
104517008215,0,0,0,9122975
104517008215,0,0,0,9120073
104517008215,0,0,0,9124169
104517008215,0,0,0,9123828
104517015204,0,0,0,9118708
104517015204,0,0,0,9119220
104517015204,0,0,0,9123828
104517015204,0,0,0,9120585
104517015204,0,0,0,9116319
104517022827,0,0,0,9121609
104517022827,0,0,0,9116319
104517022827,0,0,0,9121439
104517022827,0,0,0,9118367
104517022827,0,0,0,9115295
104517030335,0,0,0,9123145
104517030335,0,0,0,9117684
104517030335,0,0,0,9130825
104517030335,0,0,0,9123316
104517030335,0,0,0,9121268
104517036985,0,0,0,9125193
104517036985,0,0,0,9123487
104517036985,0,0,0,9124681
104517036985,0,0,0,9132873
104517036985,0,0,0,9121780
104517043941,0,0,0,9126729
104517043941,0,0,0,9132532
104517043941,0,0,0,9120927
104517043941,0,0,0,9129119
104517043941,0,0,0,9125535
104517051541,0,0,0,9122121
104517051541,0,0,0,9123487
104517051541,0,0,0,9121268
104517051541,0,0,0,9123145
104517051541,0,0,0,9120927
104517058424,0,0,0,9119049
104517058424,0,0,0,9128777
104517058424,0,0,0,9127071
104517058424,0,0,0,9121780
104517058424,0,0,0,9123487
104517065635,0,0,0,9129972
104517065635,0,0,0,9121609
104517065635,0,0,0,9121951
104517065635,0,0,0,9120927
104517065635,0,0,0,9123487
104517072889,0,0,0,9123828
104517072889,0,0,0,9124852
104517072889,0,0,0,9115465
104517072889,0,0,0,9118708
104517072889,0,0,0,9121609
104517079885,0,0,0,9120415
104517079885,0,0,0,9128607
104517079885,0,0,0,9129119
104517079885,0,0,0,9121097
104517079885,0,0,0,9123145
104517087125,0,0,0,9125535
104517087125,0,0,0,9129631
104517087125,0,0,0,9124340
104517087125,0,0,0,9123657
104517087125,0,0,0,9118367
104517094270,0,0,0,9119049
104517094270,0,0,0,9123999
104517094270,0,0,0,9123657
104517094270,0,0,0,9125023
104517094270,0,0,0,9116660
104517101630,0,0,0,9128436
104517101630,0,0,0,9125876
104517101630,0,0,0,9124340
104517101630,0,0,0,9123145
104517101630,0,0,0,9129460
104517108290,0,0,0,9116319
104517108290,0,0,0,9129119
104517108290,0,0,0,9121951
104517108290,0,0,0,9125364
104517108290,0,0,0,9122463
104517115786,0,0,0,9123657
104517115786,0,0,0,9125535
104517115786,0,0,0,9123487
104517115786,0,0,0,9126047
104517115786,0,0,0,9120073
104517123013,0,0,0,9125705
104517123013,0,0,0,9122633
104517123013,0,0,0,9117855
104517123013,0,0,0,9124852
104517123013,0,0,0,9130825
104517129896,0,0,0,9123999
104517129896,0,0,0,9128948
104517129896,0,0,0,9124681
104517129896,0,0,0,9117001
104517129896,0,0,0,9124340
104517137238,0,0,0,9119732
104517137238,0,0,0,9129801
104517137238,0,0,0,9127753
104517137238,0,0,0,9126388
104517137238,0,0,0,9128607
104517144323,0,0,0,9118196
104517144323,0,0,0,9123657
104517144323,0,0,0,9121097
104517144323,0,0,0,9116148
104517144323,0,0,0,9120415
104517151498,0,0,0,9125193
104517151498,0,0,0,9121268
104517151498,0,0,0,9122292
104517151498,0,0,0,9126559
104517151498,0,0,0,9118196
104517158466,0,0,0,9134409
104517158466,0,0,0,9124169
104517158466,0,0,0,9126729
104517158466,0,0,0,9125876
104517158466,0,0,0,9119561
104517165915,0,0,0,9117343
104517165915,0,0,0,9127241
104517165915,0,0,0,9113588
104517165915,0,0,0,9127071
104517165915,0,0,0,9121097
104517172863,0,0,0,9120756
104517172863,0,0,0,9119732
104517172863,0,0,0,9117172
104517172863,0,0,0,9131849
104517172863,0,0,0,9116319
104517179862,0,0,0,9124340
104517179862,0,0,0,9126729
104517179862,0,0,0,9123999
104517179862,0,0,0,9125876
104517179862,0,0,0,9122463
104517187289,0,0,0,9122804
104517187289,0,0,0,9126900
104517187289,0,0,0,9125535
104517187289,0,0,0,9119732
104517187289,0,0,0,9118537
104517195027,0,0,0,9122121
104517195027,0,0,0,9121609
104517195027,0,0,0,9124340
104517195027,0,0,0,9126729
104517195027,0,0,0,9128607
104517201575,0,0,0,9123316
104517201575,0,0,0,9126388
104517201575,0,0,0,9124340
104517201575,0,0,0,9122804
104517201575,0,0,0,9118708
104517208892,0,0,0,9113929
104517208892,0,0,0,9131508
104517208892,0,0,0,9124169
104517208892,0,0,0,9127583
104517208892,0,0,0,9115807
104517215577,0,0,0,9125023
104517215577,0,0,0,9123145
104517215577,0,0,0,9122463
104517215577,0,0,0,9120415
104517215577,0,0,0,9126217
104517223114,0,0,0,9119903
104517223114,0,0,0,9126559
104517223114,0,0,0,9123999
104517223114,0,0,0,9130825
104517223114,0,0,0,9115636
104517230188,0,0,0,9123999
104517230188,0,0,0,9122975
104517230188,0,0,0,9121439
104517230188,0,0,0,9124340
104517230188,0,0,0,9121780
104517237029,0,0,0,9127241
104517237029,0,0,0,9122633
104517237029,0,0,0,9126047
104517237029,0,0,0,9126900
104517237029,0,0,0,9116489
104517245190,0,0,0,9124511
104517245190,0,0,0,9119220
104517245190,0,0,0,9120927
104517245190,0,0,0,9122633
104517245190,0,0,0,9119049
104517251682,0,0,0,9121780
104517251682,0,0,0,9126729
104517251682,0,0,0,9127753
104517251682,0,0,0,9119561
104517251682,0,0,0,9120415
104517258834,0,0,0,9124681
104517258834,0,0,0,9128265
104517258834,0,0,0,9115977
104517258834,0,0,0,9124340
104517258834,0,0,0,9120073
104517265648,0,0,0,9121780
104517265648,0,0,0,9117513
104517265648,0,0,0,9121780
104517265648,0,0,0,9123999
104517265648,0,0,0,9123657
104517273346,0,0,0,9123999
104517273346,0,0,0,9119903
104517273346,0,0,0,9120415
104517273346,0,0,0,9122121
104517273346,0,0,0,9124340
104517280808,0,0,0,9121268
104517280808,0,0,0,9123145
104517280808,0,0,0,9115977
104517280808,0,0,0,9118537
104517280808,0,0,0,9121097
104517287348,0,0,0,9121951
104517287348,0,0,0,9126729
104517287348,0,0,0,9123145
104517287348,0,0,0,9119391
104517287348,0,0,0,9125193
104517294799,0,0,0,9125364
104517294799,0,0,0,9121780
104517294799,0,0,0,9118025
104517294799,0,0,0,9110004
104517294799,0,0,0,9123999
104517302058,0,0,0,9119561
104517302058,0,0,0,9122292
104517302058,0,0,0,9124340
104517302058,0,0,0,9123316
104517302058,0,0,0,9124511
104517309523,0,0,0,9116489
104517309523,0,0,0,9121951
104517309523,0,0,0,9124340
104517309523,0,0,0,9120415
104517309523,0,0,0,9116148
104517316209,0,0,0,9122121
104517316209,0,0,0,9123145
104517316209,0,0,0,9124169
104517316209,0,0,0,9120073
104517316209,0,0,0,9121951
104517323565,0,0,0,9120073
104517323565,0,0,0,9118708
104517323565,0,0,0,9123145
104517323565,0,0,0,9118196
104517323565,0,0,0,9125364
104517330384,0,0,0,9127583
104517330384,0,0,0,9126388
104517330384,0,0,0,9122633
104517330384,0,0,0,9123999
104517330384,0,0,0,9127583
104517337754,0,0,0,9127071
104517337754,0,0,0,9118708
104517337754,0,0,0,9123999
104517337754,0,0,0,9120073
104517337754,0,0,0,9120756
104517344545,0,0,0,9117343
104517344545,0,0,0,9121951
104517344545,0,0,0,9124340
104517344545,0,0,0,9126217
104517344545,0,0,0,9121780
104517351779,0,0,0,9131679
104517351779,0,0,0,9122121
104517351779,0,0,0,9121097
104517351779,0,0,0,9128095
104517351779,0,0,0,9125876
104517359248,0,0,0,9121780
104517359248,0,0,0,9128436
104517359248,0,0,0,9116489
104517359248,0,0,0,9120927
104517359248,0,0,0,9127753
104517366045,0,0,0,9118196
104517366045,0,0,0,9123657
104517366045,0,0,0,9123828
104517366045,0,0,0,9120585
104517366045,0,0,0,9121609
104517373497,0,0,0,9121097
104517373497,0,0,0,9126217
104517373497,0,0,0,9120756
104517373497,0,0,0,9122804
104517373497,0,0,0,9122633
104517381497,0,0,0,9121097
104517381497,0,0,0,9123487
104517381497,0,0,0,9132020
104517381497,0,0,0,9123828
104517381497,0,0,0,9122292
104517387368,0,0,0,9131679
104517387368,0,0,0,9118367
104517387368,0,0,0,9122804
104517387368,0,0,0,9124169
104517387368,0,0,0,9118708
104517394478,0,0,0,9120073
104517394478,0,0,0,9124852
104517394478,0,0,0,9118367
104517394478,0,0,0,9122463
104517394478,0,0,0,9126729
104517401790,0,0,0,9119732
104517401790,0,0,0,9122975
104517401790,0,0,0,9121268
104517401790,0,0,0,9122292
104517401790,0,0,0,9123999
104517409269,0,0,0,9123487
104517409269,0,0,0,9127753
104517409269,0,0,0,9128095
104517409269,0,0,0,9121780
104517409269,0,0,0,9116831
104517416123,0,0,0,9119903
104517416123,0,0,0,9122121
104517416123,0,0,0,9122633
104517416123,0,0,0,9125535
104517416123,0,0,0,9126729
104517423199,0,0,0,9120927
104517423199,0,0,0,9122121
104517423199,0,0,0,9122975
104517423199,0,0,0,9126388
104517423199,0,0,0,9122292
104517430395,0,0,0,9120756
104517430395,0,0,0,9125193
104517430395,0,0,0,9118537
104517430395,0,0,0,9121609
104517430395,0,0,0,9118367
104517437499,0,0,0,9122292
104517437499,0,0,0,9129631
104517437499,0,0,0,9123828
104517437499,0,0,0,9118537
104517437499,0,0,0,9117001
104517445229,0,0,0,9122804
104517445229,0,0,0,9114953
104517445229,0,0,0,9124169
104517445229,0,0,0,9124340
104517445229,0,0,0,9121951
104517451818,0,0,0,9120415
104517451818,0,0,0,9115977
104517451818,0,0,0,9122633
104517451818,0,0,0,9126047
104517451818,0,0,0,9120585
104517459046,0,0,0,9123145
104517459046,0,0,0,9113417
104517459046,0,0,0,9123145
104517459046,0,0,0,9128265
104517459046,0,0,0,9121097
104517466161,0,0,0,9120585
104517466161,0,0,0,9128607
104517466161,0,0,0,9118537
104517466161,0,0,0,9121780
104517466161,0,0,0,9117172
104517473440,0,0,0,9124169
104517473440,0,0,0,9123657
104517473440,0,0,0,9118537
104517473440,0,0,0,9113929
104517473440,0,0,0,9122121
104517480364,0,0,0,9122804
104517480364,0,0,0,9123999
104517480364,0,0,0,9119391
104517480364,0,0,0,9124340
104517480364,0,0,0,9121439
104517487570,0,0,0,9118708
104517487570,0,0,0,9118196
104517487570,0,0,0,9116660
104517487570,0,0,0,9128265
104517487570,0,0,0,9127924
104517494713,0,0,0,9128607
104517494713,0,0,0,9123487
104517494713,0,0,0,9125364
104517494713,0,0,0,9122463
104517494713,0,0,0,9119561
104517501829,0,0,0,9125193
104517501829,0,0,0,9128095
104517501829,0,0,0,9123828
104517501829,0,0,0,9127924
104517501829,0,0,0,9127924
104517509120,0,0,0,9115465
104517509120,0,0,0,9116319
104517509120,0,0,0,9122633
104517509120,0,0,0,9122121
104517509120,0,0,0,9125193
104517516470,0,0,0,9113759
104517516470,0,0,0,9124340
104517516470,0,0,0,9121780
104517516470,0,0,0,9120756
104517516470,0,0,0,9119391
104517523481,0,0,0,9127924
104517523481,0,0,0,9117513
104517523481,0,0,0,9118879
104517523481,0,0,0,9117855
104517523481,0,0,0,9117343
104517530698,0,0,0,9121609
104517530698,0,0,0,9124852
104517530698,0,0,0,9119049
104517530698,0,0,0,9122463
104517530698,0,0,0,9125364
104517537957,0,0,0,9125876
104517537957,0,0,0,9123145
104517537957,0,0,0,9124511
104517537957,0,0,0,9124340
104517537957,0,0,0,9119049
104517545202,0,0,0,9113929
104517545202,0,0,0,9121268
104517545202,0,0,0,9123487
104517545202,0,0,0,9124681
104517545202,0,0,0,9126559
104517552424,0,0,0,9120244
104517552424,0,0,0,9124340
104517552424,0,0,0,9123657
104517552424,0,0,0,9120756
104517552424,0,0,0,9118196
104517559526,0,0,0,9120756
104517559526,0,0,0,9127753
104517559526,0,0,0,9129460
104517559526,0,0,0,9117684
104517559526,0,0,0,9124852
104517567235,0,0,0,9124681
104517567235,0,0,0,9119903
104517567235,0,0,0,9128777
104517567235,0,0,0,9126559
104517567235,0,0,0,9119903
104517574329,0,0,0,9120756
104517574329,0,0,0,9119561
104517574329,0,0,0,9123999
104517574329,0,0,0,9121097
104517574329,0,0,0,9121097
104517580965,0,0,0,9116831
104517580965,0,0,0,9118196
104517580965,0,0,0,9121951
104517580965,0,0,0,9118879
104517580965,0,0,0,9121439
104517588081,0,0,0,9125023
104517588081,0,0,0,9123316
104517588081,0,0,0,9124169
104517588081,0,0,0,9119561
104517588081,0,0,0,9116489
104517595432,0,0,0,9125705
104517595432,0,0,0,9121268
104517595432,0,0,0,9117855
104517595432,0,0,0,9118879
104517595432,0,0,0,9126900
104517602675,0,0,0,9120585
104517602675,0,0,0,9125535
104517602675,0,0,0,9122292
104517602675,0,0,0,9125705
104517602675,0,0,0,9130143
104517609512,0,0,0,9124340
104517609512,0,0,0,9124340
104517609512,0,0,0,9127071
104517609512,0,0,0,9121439
104517609512,0,0,0,9122292
104517616806,0,0,0,9123657
104517616806,0,0,0,9132361
104517616806,0,0,0,9119561
104517616806,0,0,0,9123657
104517616806,0,0,0,9124511
104517624009,0,0,0,9119220
104517624009,0,0,0,9129972
104517624009,0,0,0,9117684
104517624009,0,0,0,9116319
104517624009,0,0,0,9120927
104517630691,0,0,0,9123316
104517630691,0,0,0,9126047
104517630691,0,0,0,9129631
104517630691,0,0,0,9121097
104517630691,0,0,0,9122633
104517638990,0,0,0,9122633
104517638990,0,0,0,9122975
104517638990,0,0,0,9119391
104517638990,0,0,0,9126388
104517638990,0,0,0,9120073
104517645087,0,0,0,9123828
104517645087,0,0,0,9120073
104517645087,0,0,0,9124681
104517645087,0,0,0,9123657
104517645087,0,0,0,9126388
104517652389,0,0,0,9127924
104517652389,0,0,0,9121609
104517652389,0,0,0,9126217
104517652389,0,0,0,9126559
104517652389,0,0,0,9125193
104517659606,0,0,0,9117172
104517659606,0,0,0,9118367
104517659606,0,0,0,9117172
104517659606,0,0,0,9120073
104517659606,0,0,0,9122463
104517666878,0,0,0,9122975
104517666878,0,0,0,9125705
104517666878,0,0,0,9122633
104517666878,0,0,0,9121780
104517666878,0,0,0,9123828
104517673686,0,0,0,9125535
104517673686,0,0,0,9125705
104517673686,0,0,0,9120073
104517673686,0,0,0,9119049
104517673686,0,0,0,9126388
104517680989,0,0,0,9123145
104517680989,0,0,0,9120415
104517680989,0,0,0,9121097
104517680989,0,0,0,9119220
104517680989,0,0,0,9121951
104517688570,0,0,0,9118708
104517688570,0,0,0,9119220
104517688570,0,0,0,9122121
104517688570,0,0,0,9124852
104517688570,0,0,0,9117343
104517695264,0,0,0,9122804
104517695264,0,0,0,9116831
104517695264,0,0,0,9115295
104517695264,0,0,0,9117172
104517695264,0,0,0,9128777
104517702461,0,0,0,9126217
104517702461,0,0,0,9126900
104517702461,0,0,0,9118537
104517702461,0,0,0,9118708
104517702461,0,0,0,9120585
104517709981,0,0,0,9127924
104517709981,0,0,0,9115977
104517709981,0,0,0,9119732
104517709981,0,0,0,9122292
104517709981,0,0,0,9129631
104517716793,0,0,0,9124852
104517716793,0,0,0,9123487
104517716793,0,0,0,9119391
104517716793,0,0,0,9120244
104517716793,0,0,0,9127583
104517724003,0,0,0,9122975
104517724003,0,0,0,9124340
104517724003,0,0,0,9121268
104517724003,0,0,0,9121609
104517724003,0,0,0,9125193
104517731099,0,0,0,9122804
104517731099,0,0,0,9127241
104517731099,0,0,0,9126047
104517731099,0,0,0,9124852
104517731099,0,0,0,9118708
104517738375,0,0,0,9126047
104517738375,0,0,0,9125876
104517738375,0,0,0,9118879
104517738375,0,0,0,9124852
104517738375,0,0,0,9117855
104517745373,0,0,0,9124681
104517745373,0,0,0,9125535
104517745373,0,0,0,9121439
104517745373,0,0,0,9120927
104517745373,0,0,0,9121951
104517752734,0,0,0,9118196
104517752734,0,0,0,9122121
104517752734,0,0,0,9122633
104517752734,0,0,0,9120585
104517752734,0,0,0,9124169
104517760743,0,0,0,9122463
104517760743,0,0,0,9122633
104517760743,0,0,0,9121951
104517760743,0,0,0,9125876
104517760743,0,0,0,9119903
104517766975,0,0,0,9120415
104517766975,0,0,0,9126559
104517766975,0,0,0,9124852
104517766975,0,0,0,9123657
104517766975,0,0,0,9122633
104517774168,0,0,0,9121780
104517774168,0,0,0,9120415
104517774168,0,0,0,9122633
104517774168,0,0,0,9120244
104517774168,0,0,0,9126729
104517781127,0,0,0,9123487
104517781127,0,0,0,9116148
104517781127,0,0,0,9122804
104517781127,0,0,0,9121951
104517781127,0,0,0,9121609
104517788433,0,0,0,9126559
104517788433,0,0,0,9120244
104517788433,0,0,0,9123487
104517788433,0,0,0,9119220
104517788433,0,0,0,9121097
104517795554,0,0,0,9123657
104517795554,0,0,0,9126900
104517795554,0,0,0,9118708
104517795554,0,0,0,9118367
104517795554,0,0,0,9120756
104517802970,0,0,0,9114271
104517802970,0,0,0,9119561
104517802970,0,0,0,9128777
104517802970,0,0,0,9126217
104517802970,0,0,0,9128607
104517809607,0,0,0,9121268
104517809607,0,0,0,9122292
104517809607,0,0,0,9122975
104517809607,0,0,0,9117855
104517809607,0,0,0,9118708
104517816842,0,0,0,9121780
104517816842,0,0,0,9125535
104517816842,0,0,0,9125705
104517816842,0,0,0,9124511
104517816842,0,0,0,9124681
104517824486,0,0,0,9132361
104517824486,0,0,0,9122121
104517824486,0,0,0,9124681
104517824486,0,0,0,9123316
104517824486,0,0,0,9127753
104517831403,0,0,0,9117684
104517831403,0,0,0,9124340
104517831403,0,0,0,9118537
104517831403,0,0,0,9118367
104517831403,0,0,0,9120244
104517838227,0,0,0,9124852
104517838227,0,0,0,9118879
104517838227,0,0,0,9119903
104517838227,0,0,0,9122292
104517838227,0,0,0,9121439
104517845389,0,0,0,9122463
104517845389,0,0,0,9115807
104517845389,0,0,0,9120756
104517845389,0,0,0,9123999
104517845389,0,0,0,9129289
104517852809,0,0,0,9118025
104517852809,0,0,0,9124511
104517852809,0,0,0,9120585
104517852809,0,0,0,9120244
104517852809,0,0,0,9125364
104517859710,0,0,0,9120244
104517859710,0,0,0,9112735
104517859710,0,0,0,9128265
104517859710,0,0,0,9121268
104517859710,0,0,0,9121268
104517867091,0,0,0,9117343
104517867091,0,0,0,9117855
104517867091,0,0,0,9116148
104517867091,0,0,0,9120073
104517867091,0,0,0,9120927
104517874154,0,0,0,9120756
104517874154,0,0,0,9116660
104517874154,0,0,0,9119391
104517874154,0,0,0,9129631
104517874154,0,0,0,9120585
104517881479,0,0,0,9121609
104517881479,0,0,0,9118708
104517881479,0,0,0,9123487
104517881479,0,0,0,9115295
104517881479,0,0,0,9125705
104517888409,0,0,0,9121951
104517888409,0,0,0,9119732
104517888409,0,0,0,9113417
104517888409,0,0,0,9120415
104517888409,0,0,0,9116489
104517895801,0,0,0,9121780
104517895801,0,0,0,9125535
104517895801,0,0,0,9123316
104517895801,0,0,0,9115977
104517895801,0,0,0,9126047
104517902644,0,0,0,9121780
104517902644,0,0,0,9118537
104517902644,0,0,0,9118196
104517902644,0,0,0,9120415
104517902644,0,0,0,9116489
104517909820,0,0,0,9119220
104517909820,0,0,0,9119391
104517909820,0,0,0,9121268
104517909820,0,0,0,9120756
104517909820,0,0,0,9122121
104517916969,0,0,0,9119732
104517916969,0,0,0,9124169
104517916969,0,0,0,9124511
104517916969,0,0,0,9122633
104517916969,0,0,0,9118708
104517924421,0,0,0,9122292
104517924421,0,0,0,9121097
104517924421,0,0,0,9128948
104517924421,0,0,0,9122121
104517924421,0,0,0,9118879
104517931339,0,0,0,9125705
104517931339,0,0,0,9120073
104517931339,0,0,0,9122975
104517931339,0,0,0,9125535
104517931339,0,0,0,9120415
104517938603,0,0,0,9125193
104517938603,0,0,0,9127753
104517938603,0,0,0,9120244
104517938603,0,0,0,9125876
104517938603,0,0,0,9113929
104517946290,0,0,0,9121097
104517946290,0,0,0,9121951
104517946290,0,0,0,9124852
104517946290,0,0,0,9124169
104517946290,0,0,0,9122633
104517953028,0,0,0,9116489
104517953028,0,0,0,9119220
104517953028,0,0,0,9123145
104517953028,0,0,0,9117343
104517953028,0,0,0,9118537
104517959902,0,0,0,9121268
104517959902,0,0,0,9121609
104517959902,0,0,0,9119903
104517959902,0,0,0,9116489
104517959902,0,0,0,9122633
104517967288,0,0,0,9122463
104517967288,0,0,0,9117001
104517967288,0,0,0,9120927
104517967288,0,0,0,9120415
104517967288,0,0,0,9120927
104517974547,0,0,0,9122463
104517974547,0,0,0,9118367
104517974547,0,0,0,9120927
104517974547,0,0,0,9118879
104517974547,0,0,0,9123487
104517981635,0,0,0,9118367
104517981635,0,0,0,9122463
104517981635,0,0,0,9118708
104517981635,0,0,0,9120927
104517981635,0,0,0,9120756
104517989210,0,0,0,9123487
104517989210,0,0,0,9120244
104517989210,0,0,0,9122292
104517989210,0,0,0,9121268
104517989210,0,0,0,9121097
104517995701,0,0,0,9124340
104517995701,0,0,0,9120415
104517995701,0,0,0,9115977
104517995701,0,0,0,9119561
104517995701,0,0,0,9115807
104518003098,0,0,0,9124511
104518003098,0,0,0,9118196
104518003098,0,0,0,9120244
104518003098,0,0,0,9123999
104518003098,0,0,0,9119903
104518010516,0,0,0,9123145
104518010516,0,0,0,9117855
104518010516,0,0,0,9131508
104518010516,0,0,0,9122633
104518010516,0,0,0,9117513
104518017147,0,0,0,9116660
104518017147,0,0,0,9123999
104518017147,0,0,0,9119049
104518017147,0,0,0,9128095
104518017147,0,0,0,9116660
104518024347,0,0,0,9121951
104518024347,0,0,0,9122975
104518024347,0,0,0,9123145
104518024347,0,0,0,9119732
104518024347,0,0,0,9124169
104518031955,0,0,0,9115124
104518031955,0,0,0,9115977
104518031955,0,0,0,9123657
104518031955,0,0,0,9121780
104518031955,0,0,0,9121609
104518038851,0,0,0,9122121
104518038851,0,0,0,9122121
104518038851,0,0,0,9116831
104518038851,0,0,0,9115807
104518038851,0,0,0,9120585
104518046021,0,0,0,9125535
104518046021,0,0,0,9119220
104518046021,0,0,0,9122463
104518046021,0,0,0,9122975
104518046021,0,0,0,9118537
104518053742,0,0,0,9122633
104518053742,0,0,0,9125535
104518053742,0,0,0,9122975
104518053742,0,0,0,9116319
104518053742,0,0,0,9112906
104518060213,0,0,0,9111540
104518060213,0,0,0,9124511
104518060213,0,0,0,9124340
104518060213,0,0,0,9115977
104518060213,0,0,0,9124681
104518067429,0,0,0,9121268
104518067429,0,0,0,9124681
104518067429,0,0,0,9122121
104518067429,0,0,0,9125535
104518067429,0,0,0,9115124
104518075146,0,0,0,9119732
104518075146,0,0,0,9113929
104518075146,0,0,0,9118196
104518075146,0,0,0,9124340
104518075146,0,0,0,9124169
104518082155,0,0,0,9126388
104518082155,0,0,0,9121097
104518082155,0,0,0,9123145
104518082155,0,0,0,9121268
104518082155,0,0,0,9123657
104518089775,0,0,0,9122975
104518089775,0,0,0,9123828
104518089775,0,0,0,9120073
104518089775,0,0,0,9116148
104518089775,0,0,0,9118879
104518096873,0,0,0,9120244
104518096873,0,0,0,9117513
104518096873,0,0,0,9118537
104518096873,0,0,0,9114271
104518096873,0,0,0,9121439
104518103599,0,0,0,9122633
104518103599,0,0,0,9125023
104518103599,0,0,0,9126388
104518103599,0,0,0,9119903
104518103599,0,0,0,9124511
104518110954,0,0,0,9119220
104518110954,0,0,0,9124169
104518110954,0,0,0,9115807
104518110954,0,0,0,9123487
104518110954,0,0,0,9119391
104518117696,0,0,0,9119732
104518117696,0,0,0,9117343
104518117696,0,0,0,9118708
104518117696,0,0,0,9114271
104518117696,0,0,0,9120585
104518124843,0,0,0,9117513
104518124843,0,0,0,9124340
104518124843,0,0,0,9116319
104518124843,0,0,0,9117855
104518124843,0,0,0,9126047
104518132903,0,0,0,9126388
104518132903,0,0,0,9123999
104518132903,0,0,0,9122292
104518132903,0,0,0,9120927
104518132903,0,0,0,9117343
104518139809,0,0,0,9115124
104518139809,0,0,0,9124169
104518139809,0,0,0,9121268
104518139809,0,0,0,9116831
104518139809,0,0,0,9127924
104518146533,0,0,0,9121097
104518146533,0,0,0,9118708
104518146533,0,0,0,9124169
104518146533,0,0,0,9120415
104518146533,0,0,0,9124681
104518153348,0,0,0,9119561
104518153348,0,0,0,9118708
104518153348,0,0,0,9119391
104518153348,0,0,0,9120244
104518153348,0,0,0,9120756
104518160917,0,0,0,9121951
104518160917,0,0,0,9120244
104518160917,0,0,0,9123657
104518160917,0,0,0,9122292
104518160917,0,0,0,9125193
104518167976,0,0,0,9121268
104518167976,0,0,0,9116489
104518167976,0,0,0,9123316
104518167976,0,0,0,9124340
104518167976,0,0,0,9126047
104518175154,0,0,0,9124340
104518175154,0,0,0,9122975
104518175154,0,0,0,9117855
104518175154,0,0,0,9117001
104518175154,0,0,0,9120585
104518182405,0,0,0,9116660
104518182405,0,0,0,9117684
104518182405,0,0,0,9118196
104518182405,0,0,0,9119391
104518182405,0,0,0,9125023
104518189241,0,0,0,9119391
104518189241,0,0,0,9125705
104518189241,0,0,0,9123828
104518189241,0,0,0,9122804
104518189241,0,0,0,9121780
104518196884,0,0,0,9118879
104518196884,0,0,0,9121780
104518196884,0,0,0,9126388
104518196884,0,0,0,9123316
104518196884,0,0,0,9123999
104518204222,0,0,0,9126559
104518204222,0,0,0,9126047
104518204222,0,0,0,9120756
104518204222,0,0,0,9121268
104518204222,0,0,0,9124169
104518210699,0,0,0,9122292
104518210699,0,0,0,9125364
104518210699,0,0,0,9123828
104518210699,0,0,0,9121439
104518210699,0,0,0,9119391
104518217777,0,0,0,9114100
104518217777,0,0,0,9126388
104518217777,0,0,0,9122292
104518217777,0,0,0,9124340
104518217777,0,0,0,9123828
104518225363,0,0,0,9122121
104518225363,0,0,0,9129801
104518225363,0,0,0,9126900
104518225363,0,0,0,9121097
104518225363,0,0,0,9129119
104518232475,0,0,0,9117343
104518232475,0,0,0,9120073
104518232475,0,0,0,9120585
104518232475,0,0,0,9127071
104518232475,0,0,0,9119391
104518239623,0,0,0,9120073
104518239623,0,0,0,9122804
104518239623,0,0,0,9122463
104518239623,0,0,0,9117513
104518239623,0,0,0,9112223
104518246813,0,0,0,9119391
104518246813,0,0,0,9120585
104518246813,0,0,0,9117343
104518246813,0,0,0,9126729
104518246813,0,0,0,9120244
104518253561,0,0,0,9121609
104518253561,0,0,0,9119049
104518253561,0,0,0,9123487
104518253561,0,0,0,9115295
104518253561,0,0,0,9117684
104518260804,0,0,0,9127241
104518260804,0,0,0,9122633
104518260804,0,0,0,9125705
104518260804,0,0,0,9120585
104518260804,0,0,0,9122121
104518268001,0,0,0,9120927
104518268001,0,0,0,9125193
104518268001,0,0,0,9124852
104518268001,0,0,0,9114271
104518268001,0,0,0,9121439
104518275218,0,0,0,9125193
104518275218,0,0,0,9123828
104518275218,0,0,0,9119732
104518275218,0,0,0,9129460
104518275218,0,0,0,9118537
104518282262,0,0,0,9118879
104518282262,0,0,0,9123487
104518282262,0,0,0,9121951
104518282262,0,0,0,9123316
104518282262,0,0,0,9124681
104518289375,0,0,0,9119049
104518289375,0,0,0,9119391
104518289375,0,0,0,9124511
104518289375,0,0,0,9116660
104518289375,0,0,0,9121097
104518296767,0,0,0,9125705
104518296767,0,0,0,9114953
104518296767,0,0,0,9117855
104518296767,0,0,0,9126047
104518296767,0,0,0,9119391
104518303435,0,0,0,9119220
104518303435,0,0,0,9125535
104518303435,0,0,0,9129631
104518303435,0,0,0,9122633
104518303435,0,0,0,9121097
104518311514,0,0,0,9114612
104518311514,0,0,0,9127583
104518311514,0,0,0,9122804
104518311514,0,0,0,9113588
104518311514,0,0,0,9122804
104518317929,0,0,0,9119220
104518317929,0,0,0,9115977
104518317929,0,0,0,9126729
104518317929,0,0,0,9121780
104518317929,0,0,0,9118537
104518325430,0,0,0,9131508
104518325430,0,0,0,9123316
104518325430,0,0,0,9125876
104518325430,0,0,0,9119903
104518325430,0,0,0,9122975
104518332424,0,0,0,9114612
104518332424,0,0,0,9125876
104518332424,0,0,0,9119732
104518332424,0,0,0,9124169
104518332424,0,0,0,9119732
104518340187,0,0,0,9119903
104518340187,0,0,0,9118196
104518340187,0,0,0,9121097
104518340187,0,0,0,9117172
104518340187,0,0,0,9117343
104518346873,0,0,0,9116489
104518346873,0,0,0,9119732
104518346873,0,0,0,9117855
104518346873,0,0,0,9120927
104518346873,0,0,0,9119220
104518353740,0,0,0,9121097
104518353740,0,0,0,9117343
104518353740,0,0,0,9124511
104518353740,0,0,0,9121609
104518353740,0,0,0,9120756
104518360992,0,0,0,9122121
104518360992,0,0,0,9121097
104518360992,0,0,0,9129460
104518360992,0,0,0,9119049
104518360992,0,0,0,9115977
104518368420,0,0,0,9118196
104518368420,0,0,0,9124169
104518368420,0,0,0,9121609
104518368420,0,0,0,9122804
104518368420,0,0,0,9125023
104518375257,0,0,0,9123999
104518375257,0,0,0,9122292
104518375257,0,0,0,9119049
104518375257,0,0,0,9118196
104518375257,0,0,0,9126900
104518382302,0,0,0,9114100
104518382302,0,0,0,9122804
104518382302,0,0,0,9117343
104518382302,0,0,0,9120415
104518382302,0,0,0,9117343
104518389560,0,0,0,9115636
104518389560,0,0,0,9115977
104518389560,0,0,0,9114783
104518389560,0,0,0,9122292
104518389560,0,0,0,9121268
104518396978,0,0,0,9123657
104518396978,0,0,0,9118537
104518396978,0,0,0,9123999
104518396978,0,0,0,9117513
104518396978,0,0,0,9119732
104518403968,0,0,0,9111028
104518403968,0,0,0,9115636
104518403968,0,0,0,9122463
104518403968,0,0,0,9117343
104518403968,0,0,0,9112394
104518411126,0,0,0,9123999
104518411126,0,0,0,9122121
104518411126,0,0,0,9117855
104518411126,0,0,0,9117855
104518411126,0,0,0,9120927
104518418388,0,0,0,9113929
104518418388,0,0,0,9118367
104518418388,0,0,0,9122463
104518418388,0,0,0,9116489
104518418388,0,0,0,9122463
104518425658,0,0,0,9114100
104518425658,0,0,0,9120073
104518425658,0,0,0,9118025
104518425658,0,0,0,9123828
104518425658,0,0,0,9122975
104518433087,0,0,0,9122975
104518433087,0,0,0,9122975
104518433087,0,0,0,9124340
104518433087,0,0,0,9118708
104518433087,0,0,0,9121609
104518440076,0,0,0,9121780
104518440076,0,0,0,9113417
104518440076,0,0,0,9118879
104518440076,0,0,0,9124169
104518440076,0,0,0,9122292
104518447481,0,0,0,9117855
104518447481,0,0,0,9120073
104518447481,0,0,0,9120756
104518447481,0,0,0,9125705
104518447481,0,0,0,9117513
104518454116,0,0,0,9114953
104518454116,0,0,0,9123999
104518454116,0,0,0,9116489
104518454116,0,0,0,9119732
104518454116,0,0,0,9119220
104518461229,0,0,0,9114953
104518461229,0,0,0,9113759
104518461229,0,0,0,9125535
104518461229,0,0,0,9124681
104518461229,0,0,0,9121951
104518468606,0,0,0,9122463
104518468606,0,0,0,9118537
104518468606,0,0,0,9117684
104518468606,0,0,0,9113247
104518468606,0,0,0,9118879
104518475448,0,0,0,9126388
104518475448,0,0,0,9117001
104518475448,0,0,0,9125193
104518475448,0,0,0,9123145
104518475448,0,0,0,9120415
104518483098,0,0,0,9120585
104518483098,0,0,0,9122633
104518483098,0,0,0,9122975
104518483098,0,0,0,9123316
104518483098,0,0,0,9115465
104518489931,0,0,0,9115465
104518489931,0,0,0,9115295
104518489931,0,0,0,9121097
104518489931,0,0,0,9118537
104518489931,0,0,0,9123316
104518497109,0,0,0,9117172
104518497109,0,0,0,9121439
104518497109,0,0,0,9120585
104518497109,0,0,0,9117684
104518497109,0,0,0,9117855
104518504995,0,0,0,9125023
104518504995,0,0,0,9121439
104518504995,0,0,0,9113076
104518504995,0,0,0,9117513
104518504995,0,0,0,9115807
104518511598,0,0,0,9125535
104518511598,0,0,0,9122121
104518511598,0,0,0,9115977
104518511598,0,0,0,9121268
104518511598,0,0,0,9122633
104518519137,0,0,0,9123487
104518519137,0,0,0,9124340
104518519137,0,0,0,9118879
104518519137,0,0,0,9123828
104518519137,0,0,0,9119049
104518525917,0,0,0,9118879
104518525917,0,0,0,9120073
104518525917,0,0,0,9116489
104518525917,0,0,0,9123487
104518525917,0,0,0,9120585
104518532982,0,0,0,9119732
104518532982,0,0,0,9116831
104518532982,0,0,0,9117001
104518532982,0,0,0,9120073
104518532982,0,0,0,9124681
104518540241,0,0,0,9116660
104518540241,0,0,0,9118537
104518540241,0,0,0,9122463
104518540241,0,0,0,9120927
104518540241,0,0,0,9119391
104518547180,0,0,0,9126047
104518547180,0,0,0,9117001
104518547180,0,0,0,9116319
104518547180,0,0,0,9115124
104518547180,0,0,0,9114612
104518554344,0,0,0,9125023
104518554344,0,0,0,9123657
104518554344,0,0,0,9113588
104518554344,0,0,0,9127241
104518554344,0,0,0,9122121
104518561307,0,0,0,9116148
104518561307,0,0,0,9125364
104518561307,0,0,0,9118367
104518561307,0,0,0,9123657
104518561307,0,0,0,9120244
104518568498,0,0,0,9113076
104518568498,0,0,0,9116660
104518568498,0,0,0,9120415
104518568498,0,0,0,9119732
104518568498,0,0,0,9121439
104518575652,0,0,0,9119049
104518575652,0,0,0,9120073
104518575652,0,0,0,9115807
104518575652,0,0,0,9124511
104518575652,0,0,0,9120585
104518583306,0,0,0,9115977
104518583306,0,0,0,9113417
104518583306,0,0,0,9120073
104518583306,0,0,0,9126729
104518583306,0,0,0,9118367
104518590131,0,0,0,9120756
104518590131,0,0,0,9121439
104518590131,0,0,0,9121951
104518590131,0,0,0,9115977
104518590131,0,0,0,9120756
104518597047,0,0,0,9118025
104518597047,0,0,0,9115977
104518597047,0,0,0,9115977
104518597047,0,0,0,9115636
104518597047,0,0,0,9115807
104518604407,0,0,0,9119049
104518604407,0,0,0,9117684
104518604407,0,0,0,9126217
104518604407,0,0,0,9118025
104518604407,0,0,0,9121951
104518611385,0,0,0,9120585
104518611385,0,0,0,9120244
104518611385,0,0,0,9122121
104518611385,0,0,0,9127753
104518611385,0,0,0,9120756
104518618702,0,0,0,9126047
104518618702,0,0,0,9117684
104518618702,0,0,0,9126900
104518618702,0,0,0,9121780
104518618702,0,0,0,9118196
104518626553,0,0,0,9118196
104518626553,0,0,0,9120073
104518626553,0,0,0,9122975
104518626553,0,0,0,9119903
104518626553,0,0,0,9120756
104518633232,0,0,0,9123145
104518633232,0,0,0,9118025
104518633232,0,0,0,9119903
104518633232,0,0,0,9110858
104518633232,0,0,0,9114271
104518640232,0,0,0,9122121
104518640232,0,0,0,9120585
104518640232,0,0,0,9115295
104518640232,0,0,0,9119220
104518640232,0,0,0,9118196
104518647398,0,0,0,9115977
104518647398,0,0,0,9121951
104518647398,0,0,0,9122633
104518647398,0,0,0,9125193
104518647398,0,0,0,9122804
104518654700,0,0,0,9125364
104518654700,0,0,0,9119049
104518654700,0,0,0,9118537
104518654700,0,0,0,9114612
104518654700,0,0,0,9121609
104518661726,0,0,0,9123145
104518661726,0,0,0,9124681
104518661726,0,0,0,9122633
104518661726,0,0,0,9121609
104518661726,0,0,0,9117855
104518668780,0,0,0,9122975
104518668780,0,0,0,9118537
104518668780,0,0,0,9118879
104518668780,0,0,0,9119391
104518668780,0,0,0,9113588
104518676044,0,0,0,9125023
104518676044,0,0,0,9121609
104518676044,0,0,0,9117684
104518676044,0,0,0,9124852
104518676044,0,0,0,9116831
104518683577,0,0,0,9118708
104518683577,0,0,0,9122975
104518683577,0,0,0,9122633
104518683577,0,0,0,9122292
104518683577,0,0,0,9121780
104518691444,0,0,0,9120585
104518691444,0,0,0,9122633
104518691444,0,0,0,9117855
104518691444,0,0,0,9123999
104518691444,0,0,0,9117855
104518697519,0,0,0,9121097
104518697519,0,0,0,9114271
104518697519,0,0,0,9120756
104518697519,0,0,0,9116148
104518697519,0,0,0,9118708
104518704695,0,0,0,9123657
104518704695,0,0,0,9119903
104518704695,0,0,0,9124169
104518704695,0,0,0,9119220
104518704695,0,0,0,9114100
104518711727,0,0,0,9123828
104518711727,0,0,0,9124511
104518711727,0,0,0,9120244
104518711727,0,0,0,9122292
104518711727,0,0,0,9120756
104518719156,0,0,0,9117513
104518719156,0,0,0,9119732
104518719156,0,0,0,9117343
104518719156,0,0,0,9117343
104518719156,0,0,0,9122292
104518726438,0,0,0,9120244
104518726438,0,0,0,9123999
104518726438,0,0,0,9119732
104518726438,0,0,0,9123145
104518726438,0,0,0,9129289
104518733489,0,0,0,9120927
104518733489,0,0,0,9123487
104518733489,0,0,0,9125535
104518733489,0,0,0,9117343
104518733489,0,0,0,9126729
104518741286,0,0,0,9121609
104518741286,0,0,0,9120927
104518741286,0,0,0,9117855
104518741286,0,0,0,9124852
104518741286,0,0,0,9125876
104518747679,0,0,0,9116148
104518747679,0,0,0,9115807
104518747679,0,0,0,9115636
104518747679,0,0,0,9126559
104518747679,0,0,0,9121268
104518754855,0,0,0,9119903
104518754855,0,0,0,9124340
104518754855,0,0,0,9121780
104518754855,0,0,0,9116489
104518754855,0,0,0,9121951
104518762676,0,0,0,9120073
104518762676,0,0,0,9123316
104518762676,0,0,0,9119049
104518762676,0,0,0,9123828
104518762676,0,0,0,9126729
104518768914,0,0,0,9118025
104518768914,0,0,0,9125364
104518768914,0,0,0,9125023
104518768914,0,0,0,9123999
104518768914,0,0,0,9119903
104518776225,0,0,0,9121439
104518776225,0,0,0,9123999
104518776225,0,0,0,9127924
104518776225,0,0,0,9123145
104518776225,0,0,0,9121609
104518783661,0,0,0,9119391
104518783661,0,0,0,9122975
104518783661,0,0,0,9119391
104518783661,0,0,0,9121439
104518783661,0,0,0,9123999
104518790637,0,0,0,9126729
104518790637,0,0,0,9119561
104518790637,0,0,0,9117684
104518790637,0,0,0,9115977
104518790637,0,0,0,9121268
104518798061,0,0,0,9121609
104518798061,0,0,0,9122292
104518798061,0,0,0,9121439
104518798061,0,0,0,9120585
104518798061,0,0,0,9122804
104518805741,0,0,0,9118367
104518805741,0,0,0,9118367
104518805741,0,0,0,9126047
104518805741,0,0,0,9122121
104518805741,0,0,0,9121268
104518812276,0,0,0,9118537
104518812276,0,0,0,9122633
104518812276,0,0,0,9122121
104518812276,0,0,0,9111540
104518812276,0,0,0,9128265
104518819390,0,0,0,9120415
104518819390,0,0,0,9121780
104518819390,0,0,0,9123999
104518819390,0,0,0,9127583
104518819390,0,0,0,9125876
104518826527,0,0,0,9122975
104518826527,0,0,0,9123657
104518826527,0,0,0,9121268
104518826527,0,0,0,9118025
104518826527,0,0,0,9124169
104518835341,0,0,0,9133044
104518835341,0,0,0,9122804
104518835341,0,0,0,9125876
104518835341,0,0,0,9124340
104518835341,0,0,0,9122804
104518841277,0,0,0,9118879
104518841277,0,0,0,9119903
104518841277,0,0,0,9118537
104518841277,0,0,0,9117513
104518841277,0,0,0,9119220
104518848471,0,0,0,9120756
104518848471,0,0,0,9115465
104518848471,0,0,0,9117513
104518848471,0,0,0,9127412
104518848471,0,0,0,9121780
104518855586,0,0,0,9126047
104518855586,0,0,0,9122633
104518855586,0,0,0,9117343
104518855586,0,0,0,9117684
104518855586,0,0,0,9117172
104518862403,0,0,0,9125535
104518862403,0,0,0,9119220
104518862403,0,0,0,9120073
104518862403,0,0,0,9120927
104518862403,0,0,0,9125705
104518869663,0,0,0,9122804
104518869663,0,0,0,9115977
104518869663,0,0,0,9120073
104518869663,0,0,0,9123316
104518869663,0,0,0,9124169
104518877004,0,0,0,9120415
104518877004,0,0,0,9124340
104518877004,0,0,0,9123828
104518877004,0,0,0,9120415
104518877004,0,0,0,9128265
104518884984,0,0,0,9119220
104518884984,0,0,0,9117343
104518884984,0,0,0,9121439
104518884984,0,0,0,9117855
104518884984,0,0,0,9120244
104518890499,0,0,0,9121097
104518890499,0,0,0,9120585
104518890499,0,0,0,9119049
104518890499,0,0,0,9121780
104518890499,0,0,0,9119903
104518898092,0,0,0,9119561
104518898092,0,0,0,9120244
104518898092,0,0,0,9117343
104518898092,0,0,0,9125193
104518898092,0,0,0,9116660
104518905433,0,0,0,9123999
104518905433,0,0,0,9122633
104518905433,0,0,0,9122975
104518905433,0,0,0,9122975
104518905433,0,0,0,9128095
104518912072,0,0,0,9120073
104518912072,0,0,0,9124511
104518912072,0,0,0,9123145
104518912072,0,0,0,9126559
104518912072,0,0,0,9119049
104518919415,0,0,0,9122975
104518919415,0,0,0,9124169
104518919415,0,0,0,9123657
104518919415,0,0,0,9123828
104518919415,0,0,0,9117343
104518926184,0,0,0,9117172
104518926184,0,0,0,9126217
104518926184,0,0,0,9126388
104518926184,0,0,0,9117513
104518926184,0,0,0,9119391
104518933407,0,0,0,9116660
104518933407,0,0,0,9124169
104518933407,0,0,0,9125364
104518933407,0,0,0,9125705
104518933407,0,0,0,9121439
104518940832,0,0,0,9120756
104518940832,0,0,0,9117855
104518940832,0,0,0,9119391
104518940832,0,0,0,9120415
104518940832,0,0,0,9126217
104518947856,0,0,0,9119049
104518947856,0,0,0,9123657
104518947856,0,0,0,9117343
104518947856,0,0,0,9120756
104518947856,0,0,0,9122804
104518955126,0,0,0,9116319
104518955126,0,0,0,9122121
104518955126,0,0,0,9116148
104518955126,0,0,0,9126047
104518955126,0,0,0,9119391
104518962627,0,0,0,9127924
104518962627,0,0,0,9119220
104518962627,0,0,0,9117513
104518962627,0,0,0,9124169
104518962627,0,0,0,9123487
104518969586,0,0,0,9124511
104518969586,0,0,0,9125364
104518969586,0,0,0,9117855
104518969586,0,0,0,9117001
104518969586,0,0,0,9120585
104518976378,0,0,0,9115807
104518976378,0,0,0,9119220
104518976378,0,0,0,9121268
104518976378,0,0,0,9116660
104518976378,0,0,0,9121780
104518983540,0,0,0,9119049
104518983540,0,0,0,9118708
104518983540,0,0,0,9121439
104518983540,0,0,0,9112223
104518983540,0,0,0,9120415
104518990577,0,0,0,9120415
104518990577,0,0,0,9119732
104518990577,0,0,0,9119220
104518990577,0,0,0,9116319
104518990577,0,0,0,9124852
104518998085,0,0,0,9120756
104518998085,0,0,0,9126217
104518998085,0,0,0,9123316
104518998085,0,0,0,9122292
104518998085,0,0,0,9124340
104519004988,0,0,0,9121780
104519004988,0,0,0,9114783
104519004988,0,0,0,9122121
104519004988,0,0,0,9122463
104519004988,0,0,0,9121097
104519012008,0,0,0,9114612
104519012008,0,0,0,9121439
104519012008,0,0,0,9116831
104519012008,0,0,0,9119732
104519012008,0,0,0,9116660
104519019304,0,0,0,9128607
104519019304,0,0,0,9123657
104519019304,0,0,0,9122463
104519019304,0,0,0,9122975
104519019304,0,0,0,9126729
104519026944,0,0,0,9122633
104519026944,0,0,0,9118196
104519026944,0,0,0,9121609
104519026944,0,0,0,9119732
104519026944,0,0,0,9119220
104519033544,0,0,0,9124681
104519033544,0,0,0,9124852
104519033544,0,0,0,9118708
104519033544,0,0,0,9122975
104519033544,0,0,0,9124169
104519040687,0,0,0,9123657
104519040687,0,0,0,9124511
104519040687,0,0,0,9117172
104519040687,0,0,0,9115636
104519040687,0,0,0,9125364
104519048553,0,0,0,9118537
104519048553,0,0,0,9117513
104519048553,0,0,0,9123145
104519048553,0,0,0,9119561
104519048553,0,0,0,9119220
104519055053,0,0,0,9114953
104519055053,0,0,0,9123657
104519055053,0,0,0,9116319
104519055053,0,0,0,9119561
104519055053,0,0,0,9121609
104519062352,0,0,0,9125705
104519062352,0,0,0,9119049
104519062352,0,0,0,9118196
104519062352,0,0,0,9120244
104519062352,0,0,0,9123828
104519070378,0,0,0,9120073
104519070378,0,0,0,9122975
104519070378,0,0,0,9123487
104519070378,0,0,0,9117855
104519070378,0,0,0,9120073
104519076588,0,0,0,9119732
104519076588,0,0,0,9125364
104519076588,0,0,0,9119049
104519076588,0,0,0,9116660
104519076588,0,0,0,9128265
104519083637,0,0,0,9127412
104519083637,0,0,0,9120927
104519083637,0,0,0,9120073
104519083637,0,0,0,9125705
104519083637,0,0,0,9115807
104519091065,0,0,0,9119049
104519091065,0,0,0,9127583
104519091065,0,0,0,9128777
104519091065,0,0,0,9121097
104519091065,0,0,0,9115124
104519099195,0,0,0,9113076
104519099195,0,0,0,9121268
104519099195,0,0,0,9127071
104519099195,0,0,0,9113759
104519099195,0,0,0,9120756
104519105372,0,0,0,9118879
104519105372,0,0,0,9123828
104519105372,0,0,0,9120244
104519105372,0,0,0,9114953
104519105372,0,0,0,9118196
104519112424,0,0,0,9118196
104519112424,0,0,0,9117684
104519112424,0,0,0,9121951
104519112424,0,0,0,9117172
104519112424,0,0,0,9120244
104519120535,0,0,0,9122975
104519120535,0,0,0,9124169
104519120535,0,0,0,9121097
104519120535,0,0,0,9119561
104519120535,0,0,0,9121609
104519126685,0,0,0,9123828
104519126685,0,0,0,9118537
104519126685,0,0,0,9121097
104519126685,0,0,0,9117513
104519126685,0,0,0,9129631
104519134087,0,0,0,9120756
104519134087,0,0,0,9120927
104519134087,0,0,0,9115977
104519134087,0,0,0,9130313
104519134087,0,0,0,9115465
104519141763,0,0,0,9118879
104519141763,0,0,0,9124340
104519141763,0,0,0,9125705
104519141763,0,0,0,9123145
104519141763,0,0,0,9125535
104519148773,0,0,0,9127753
104519148773,0,0,0,9115977
104519148773,0,0,0,9123316
104519148773,0,0,0,9127924
104519148773,0,0,0,9123487
104519155332,0,0,0,9122463
104519155332,0,0,0,9126900
104519155332,0,0,0,9118537
104519155332,0,0,0,9122121
104519155332,0,0,0,9121439
104519162929,0,0,0,9119391
104519162929,0,0,0,9121439
104519162929,0,0,0,9128095
104519162929,0,0,0,9123487
104519162929,0,0,0,9121268
104519169636,0,0,0,9122975
104519169636,0,0,0,9121780
104519169636,0,0,0,9116660
104519169636,0,0,0,9117513
104519169636,0,0,0,9122975
104519176836,0,0,0,9117001
104519176836,0,0,0,9122975
104519176836,0,0,0,9121609
104519176836,0,0,0,9122975
104519176836,0,0,0,9122975
104519183899,0,0,0,9127071
104519183899,0,0,0,9126217
104519183899,0,0,0,9124681
104519183899,0,0,0,9120756
104519183899,0,0,0,9122292
104519191565,0,0,0,9117343
104519191565,0,0,0,9119903
104519191565,0,0,0,9130996
104519191565,0,0,0,9120927
104519191565,0,0,0,9124511
104519198338,0,0,0,9121268
104519198338,0,0,0,9120927
104519198338,0,0,0,9126729
104519198338,0,0,0,9116319
104519198338,0,0,0,9127071
104519205682,0,0,0,9123657
104519205682,0,0,0,9118537
104519205682,0,0,0,9124169
104519205682,0,0,0,9125193
104519205682,0,0,0,9128436
104519213096,0,0,0,9120415
104519213096,0,0,0,9119049
104519213096,0,0,0,9121439
104519213096,0,0,0,9119220
104519213096,0,0,0,9117684
104519219787,0,0,0,9126729
104519219787,0,0,0,9119049
104519219787,0,0,0,9117855
104519219787,0,0,0,9119220
104519219787,0,0,0,9116319
104519227968,0,0,0,9117684
104519227968,0,0,0,9113588
104519227968,0,0,0,9118367
104519227968,0,0,0,9121951
104519227968,0,0,0,9120244
104519234427,0,0,0,9126559
104519234427,0,0,0,9122975
104519234427,0,0,0,9122633
104519234427,0,0,0,9117513
104519234427,0,0,0,9126900
104519241933,0,0,0,9123316
104519241933,0,0,0,9116660
104519241933,0,0,0,9116148
104519241933,0,0,0,9122292
104519241933,0,0,0,9112394
104519248942,0,0,0,9125023
104519248942,0,0,0,9127583
104519248942,0,0,0,9119903
104519248942,0,0,0,9120415
104519248942,0,0,0,9116831
104519256129,0,0,0,9118196
104519256129,0,0,0,9116319
104519256129,0,0,0,9122463
104519256129,0,0,0,9119220
104519256129,0,0,0,9121097
104519264757,0,0,0,9120585
104519264757,0,0,0,9120585
104519264757,0,0,0,9122292
104519264757,0,0,0,9128095
104519264757,0,0,0,9126388
104519269849,0,0,0,9123487
104519269849,0,0,0,9123999
104519269849,0,0,0,9120073
104519269849,0,0,0,9118196
104519269849,0,0,0,9121268
104519276996,0,0,0,9129631
104519276996,0,0,0,9125023
104519276996,0,0,0,9119903
104519276996,0,0,0,9124681
104519276996,0,0,0,9120756
104519284596,0,0,0,9113076
104519284596,0,0,0,9118196
104519284596,0,0,0,9121780
104519284596,0,0,0,9123145
104519284596,0,0,0,9117684
104519291506,0,0,0,9120073
104519291506,0,0,0,9119220
104519291506,0,0,0,9118537
104519291506,0,0,0,9122804
104519291506,0,0,0,9123487
104519298854,0,0,0,9124511
104519298854,0,0,0,9115807
104519298854,0,0,0,9120585
104519298854,0,0,0,9121780
104519298854,0,0,0,9123316
104519305847,0,0,0,9125364
104519305847,0,0,0,9119391
104519305847,0,0,0,9124169
104519305847,0,0,0,9117172
104519305847,0,0,0,9120585
104519313037,0,0,0,9117513
104519313037,0,0,0,9121439
104519313037,0,0,0,9121268
104519313037,0,0,0,9118196
104519313037,0,0,0,9124169
104519319976,0,0,0,9117855
104519319976,0,0,0,9121951
104519319976,0,0,0,9122463
104519319976,0,0,0,9118537
104519319976,0,0,0,9114612
104519327162,0,0,0,9120927
104519327162,0,0,0,9117855
104519327162,0,0,0,9125023
104519327162,0,0,0,9123316
104519327162,0,0,0,9125535
104519334348,0,0,0,9118025
104519334348,0,0,0,9120073
104519334348,0,0,0,9124681
104519334348,0,0,0,9121097
104519334348,0,0,0,9120756
104519342297,0,0,0,9120756
104519342297,0,0,0,9123316
104519342297,0,0,0,9120244
104519342297,0,0,0,9121097
104519342297,0,0,0,9116660
104519348938,0,0,0,9118708
104519348938,0,0,0,9120073
104519348938,0,0,0,9119391
104519348938,0,0,0,9115977
104519348938,0,0,0,9123828
104519355814,0,0,0,9123828
104519355814,0,0,0,9118537
104519355814,0,0,0,9125023
104519355814,0,0,0,9124340
104519355814,0,0,0,9122804
104519362975,0,0,0,9125705
104519362975,0,0,0,9119391
104519362975,0,0,0,9116831
104519362975,0,0,0,9119391
104519362975,0,0,0,9121268
104519370212,0,0,0,9126729
104519370212,0,0,0,9121097
104519370212,0,0,0,9119903
104519370212,0,0,0,9115977
104519370212,0,0,0,9121439
104519377489,0,0,0,9120415
104519377489,0,0,0,9120756
104519377489,0,0,0,9116831
104519377489,0,0,0,9122633
104519377489,0,0,0,9118879
104519384807,0,0,0,9128607
104519384807,0,0,0,9118879
104519384807,0,0,0,9123828
104519384807,0,0,0,9121268
104519384807,0,0,0,9125535
104519391649,0,0,0,9122292
104519391649,0,0,0,9121609
104519391649,0,0,0,9122975
104519391649,0,0,0,9127412
104519391649,0,0,0,9117513
104519399150,0,0,0,9117684
104519399150,0,0,0,9121780
104519399150,0,0,0,9123316
104519399150,0,0,0,9125023
104519399150,0,0,0,9118025
104519406667,0,0,0,9119220
104519406667,0,0,0,9123316
104519406667,0,0,0,9117855
104519406667,0,0,0,9124681
104519406667,0,0,0,9118196
104519413497,0,0,0,9121609
104519413497,0,0,0,9127241
104519413497,0,0,0,9118025
104519413497,0,0,0,9119220
104519413497,0,0,0,9122975
104519420795,0,0,0,9120756
104519420795,0,0,0,9121609
104519420795,0,0,0,9120415
104519420795,0,0,0,9111199
104519420795,0,0,0,9123145
104519427765,0,0,0,9121097
104519427765,0,0,0,9122804
104519427765,0,0,0,9121951
104519427765,0,0,0,9126559
104519427765,0,0,0,9123999
104519434533,0,0,0,9122463
104519434533,0,0,0,9121268
104519434533,0,0,0,9118537
104519434533,0,0,0,9120927
104519434533,0,0,0,9124340
104519442235,0,0,0,9122975
104519442235,0,0,0,9119732
104519442235,0,0,0,9115295
104519442235,0,0,0,9122463
104519442235,0,0,0,9121951
104519524686,0,0,0,9123145
104519524686,0,0,0,9118537
104519524686,0,0,0,9116148
104519524686,0,0,0,9116831
104519524686,0,0,0,9124511
104519526098,0,0,0,9118367
104519526098,0,0,0,9120415
104519526098,0,0,0,9117855
104519526098,0,0,0,9120585
104519526098,0,0,0,9119391
104519527477,0,0,0,9117855
104519527477,0,0,0,9126900
104519527477,0,0,0,9126559
104519527477,0,0,0,9123999
104519527477,0,0,0,9126729
104519528676,0,0,0,9118196
104519528676,0,0,0,9119732
104519528676,0,0,0,9123316
104519528676,0,0,0,9119561
104519528676,0,0,0,9120073
104519530054,0,0,0,9115977
104519530054,0,0,0,9118879
104519530054,0,0,0,9130313
104519530054,0,0,0,9119903
104519530054,0,0,0,9117001
104519531282,0,0,0,9124169
104519531282,0,0,0,9118537
104519531282,0,0,0,9114783
104519531282,0,0,0,9120756
104519531282,0,0,0,9119561
104519532589,0,0,0,9122975
104519532589,0,0,0,9125876
104519532589,0,0,0,9126729
104519532589,0,0,0,9120927
104519532589,0,0,0,9121439
104519534194,0,0,0,9117172
104519534194,0,0,0,9119732
104519534194,0,0,0,9124852
104519534194,0,0,0,9117343
104519534194,0,0,0,9117684
104519537557,0,0,0,9118708
104519537557,0,0,0,9116831
104519537557,0,0,0,9121951
104519537557,0,0,0,9127753
104519537557,0,0,0,9125876
104519545357,0,0,0,9119220
104519545357,0,0,0,9120756
104519545357,0,0,0,9120073
104519545357,0,0,0,9121780
104519545357,0,0,0,9122804
104519551817,0,0,0,9118879
104519551817,0,0,0,9119732
104519551817,0,0,0,9124852
104519551817,0,0,0,9116148
104519551817,0,0,0,9124169
104519558992,0,0,0,9124852
104519558992,0,0,0,9122463
104519558992,0,0,0,9115977
104519558992,0,0,0,9117513
104519558992,0,0,0,9124852
104519566616,0,0,0,9116148
104519566616,0,0,0,9120073
104519566616,0,0,0,9123657
104519566616,0,0,0,9117513
104519566616,0,0,0,9117001
104519573362,0,0,0,9125876
104519573362,0,0,0,9108980
104519573362,0,0,0,9118025
104519573362,0,0,0,9126900
104519573362,0,0,0,9114612
104519580397,0,0,0,9112906
104519580397,0,0,0,9120585
104519580397,0,0,0,9118708
104519580397,0,0,0,9122633
104519580397,0,0,0,9124852
104519587427,0,0,0,9120415
104519587427,0,0,0,9121097
104519587427,0,0,0,9120585
104519587427,0,0,0,9119903
104519587427,0,0,0,9120585
104519594755,0,0,0,9126217
104519594755,0,0,0,9122633
104519594755,0,0,0,9122121
104519594755,0,0,0,9125535
104519594755,0,0,0,9122121
104519601915,0,0,0,9125876
104519601915,0,0,0,9116660
104519601915,0,0,0,9114271
104519601915,0,0,0,9119391
104519601915,0,0,0,9117513
104519608880,0,0,0,9124681
104519608880,0,0,0,9125876
104519608880,0,0,0,9120073
104519608880,0,0,0,9115295
104519608880,0,0,0,9122975
104519616102,0,0,0,9120927
104519616102,0,0,0,9121439
104519616102,0,0,0,9120756
104519616102,0,0,0,9125023
104519616102,0,0,0,9118708
104519623269,0,0,0,9119561
104519623269,0,0,0,9118537
104519623269,0,0,0,9118367
104519623269,0,0,0,9115465
104519623269,0,0,0,9125193
104519630900,0,0,0,9117855
104519630900,0,0,0,9118708
104519630900,0,0,0,9128436
104519630900,0,0,0,9121780
104519630900,0,0,0,9121609
104519638497,0,0,0,9120585
104519638497,0,0,0,9118367
104519638497,0,0,0,9121268
104519638497,0,0,0,9115807
104519638497,0,0,0,9126900
104519644991,0,0,0,9118025
104519644991,0,0,0,9114271
104519644991,0,0,0,9124340
104519644991,0,0,0,9118025
104519644991,0,0,0,9115124
104519652644,0,0,0,9118196
104519652644,0,0,0,9121268
104519652644,0,0,0,9124169
104519652644,0,0,0,9124852
104519652644,0,0,0,9122292
104519659265,0,0,0,9123657
104519659265,0,0,0,9123657
104519659265,0,0,0,9118537
104519659265,0,0,0,9112052
104519659265,0,0,0,9120756
104519666508,0,0,0,9124681
104519666508,0,0,0,9128265
104519666508,0,0,0,9127071
104519666508,0,0,0,9113929
104519666508,0,0,0,9121951
104519674195,0,0,0,9114271
104519674195,0,0,0,9123487
104519674195,0,0,0,9120244
104519674195,0,0,0,9118879
104519674195,0,0,0,9120585
104519681059,0,0,0,9119732
104519681059,0,0,0,9121609
104519681059,0,0,0,9118879
104519681059,0,0,0,9115124
104519681059,0,0,0,9115807
104519688649,0,0,0,9122463
104519688649,0,0,0,9119561
104519688649,0,0,0,9122121
104519688649,0,0,0,9119391
104519688649,0,0,0,9116489
104519695884,0,0,0,9117172
104519695884,0,0,0,9121951
104519695884,0,0,0,9120756
104519695884,0,0,0,9123316
104519695884,0,0,0,9118025
104519702941,0,0,0,9119732
104519702941,0,0,0,9120756
104519702941,0,0,0,9118025
104519702941,0,0,0,9123657
104519702941,0,0,0,9125023
104519709469,0,0,0,9120585
104519709469,0,0,0,9120585
104519709469,0,0,0,9121780
104519709469,0,0,0,9121097
104519709469,0,0,0,9110516
104519716876,0,0,0,9121609
104519716876,0,0,0,9111540
104519716876,0,0,0,9120073
104519716876,0,0,0,9119561
104519716876,0,0,0,9120415
104519724460,0,0,0,9121951
104519724460,0,0,0,9120585
104519724460,0,0,0,9123999
104519724460,0,0,0,9122121
104519724460,0,0,0,9121268
104519730658,0,0,0,9126388
104519730658,0,0,0,9119903
104519730658,0,0,0,9119732
104519730658,0,0,0,9121609
104519730658,0,0,0,9119391
104519738096,0,0,0,9114612
104519738096,0,0,0,9125364
104519738096,0,0,0,9121439
104519738096,0,0,0,9119220
104519738096,0,0,0,9119049
104519745674,0,0,0,9115977
104519745674,0,0,0,9121268
104519745674,0,0,0,9123487
104519745674,0,0,0,9121439
104519745674,0,0,0,9122121
104519752354,0,0,0,9120927
104519752354,0,0,0,9119049
104519752354,0,0,0,9125535
104519752354,0,0,0,9126729
104519752354,0,0,0,9119220
104519759571,0,0,0,9122292
104519759571,0,0,0,9120415
104519759571,0,0,0,9127071
104519759571,0,0,0,9125876
104519759571,0,0,0,9117855
104519766943,0,0,0,9118708
104519766943,0,0,0,9117001
104519766943,0,0,0,9118196
104519766943,0,0,0,9125535
104519766943,0,0,0,9123145
104519774036,0,0,0,9124169
104519774036,0,0,0,9122633
104519774036,0,0,0,9115465
104519774036,0,0,0,9115465
104519774036,0,0,0,9117513
104519781290,0,0,0,9119391
104519781290,0,0,0,9121609
104519781290,0,0,0,9120756
104519781290,0,0,0,9119220
104519781290,0,0,0,9119220
104519789184,0,0,0,9115807
104519789184,0,0,0,9120415
104519789184,0,0,0,9121439
104519789184,0,0,0,9122975
104519789184,0,0,0,9120073
104519795507,0,0,0,9121609
104519795507,0,0,0,9121609
104519795507,0,0,0,9114612
104519795507,0,0,0,9125023
104519795507,0,0,0,9123657
104519802283,0,0,0,9120585
104519802283,0,0,0,9120415
104519802283,0,0,0,9124340
104519802283,0,0,0,9121097
104519802283,0,0,0,9117684
104519810305,0,0,0,9122463
104519810305,0,0,0,9112394
104519810305,0,0,0,9124511
104519810305,0,0,0,9125876
104519810305,0,0,0,9123487
104519816669,0,0,0,9124681
104519816669,0,0,0,9118879
104519816669,0,0,0,9119391
104519816669,0,0,0,9117343
104519816669,0,0,0,9127071
104519823764,0,0,0,9122804
104519823764,0,0,0,9120415
104519823764,0,0,0,9126559
104519823764,0,0,0,9123999
104519823764,0,0,0,9126047
104519832093,0,0,0,9116148
104519832093,0,0,0,9120756
104519832093,0,0,0,9116660
104519832093,0,0,0,9120415
104519832093,0,0,0,9123487
104519838658,0,0,0,9120073
104519838658,0,0,0,9123487
104519838658,0,0,0,9126388
104519838658,0,0,0,9126559
104519838658,0,0,0,9120244
104519845730,0,0,0,9127583
104519845730,0,0,0,9119903
104519845730,0,0,0,9118025
104519845730,0,0,0,9124511
104519845730,0,0,0,9120415
104519853500,0,0,0,9121609
104519853500,0,0,0,9117001
104519853500,0,0,0,9117343
104519853500,0,0,0,9119732
104519853500,0,0,0,9119391
104519859703,0,0,0,9120415
104519859703,0,0,0,9122463
104519859703,0,0,0,9126559
104519859703,0,0,0,9121097
104519859703,0,0,0,9121097
104519867962,0,0,0,9110687
104519867962,0,0,0,9123316
104519867962,0,0,0,9122463
104519867962,0,0,0,9119391
104519867962,0,0,0,9126047
104519874770,0,0,0,9121097
104519874770,0,0,0,9116489
104519874770,0,0,0,9118879
104519874770,0,0,0,9117513
104519874770,0,0,0,9119561
104519881347,0,0,0,9119561
104519881347,0,0,0,9124681
104519881347,0,0,0,9119391
104519881347,0,0,0,9117684
104519881347,0,0,0,9126217
104519888893,0,0,0,9124340
104519888893,0,0,0,9119049
104519888893,0,0,0,9121609
104519888893,0,0,0,9121097
104519888893,0,0,0,9118196
104519896097,0,0,0,9118367
104519896097,0,0,0,9127412
104519896097,0,0,0,9122804
104519896097,0,0,0,9126388
104519896097,0,0,0,9123316
104519902860,0,0,0,9118537
104519902860,0,0,0,9122292
104519902860,0,0,0,9120756
104519902860,0,0,0,9120073
104519902860,0,0,0,9124340
104519909905,0,0,0,9121609
104519909905,0,0,0,9120415
104519909905,0,0,0,9121268
104519909905,0,0,0,9119220
104519909905,0,0,0,9113759
104519917051,0,0,0,9120244
104519917051,0,0,0,9120585
104519917051,0,0,0,9118367
104519917051,0,0,0,9119220
104519917051,0,0,0,9121439
104519924276,0,0,0,9124169
104519924276,0,0,0,9117001
104519924276,0,0,0,9122292
104519924276,0,0,0,9120585
104519924276,0,0,0,9123657
104519931454,0,0,0,9119561
104519931454,0,0,0,9116148
104519931454,0,0,0,9124681
104519931454,0,0,0,9119391
104519931454,0,0,0,9121609
104519938400,0,0,0,9116319
104519938400,0,0,0,9121439
104519938400,0,0,0,9119391
104519938400,0,0,0,9123487
104519938400,0,0,0,9119220
104519945488,0,0,0,9123145
104519945488,0,0,0,9117513
104519945488,0,0,0,9120244
104519945488,0,0,0,9117684
104519945488,0,0,0,9122463
104519952642,0,0,0,9122292
104519952642,0,0,0,9121780
104519952642,0,0,0,9118879
104519952642,0,0,0,9115977
104519952642,0,0,0,9125876
104519959955,0,0,0,9127071
104519959955,0,0,0,9119220
104519959955,0,0,0,9125023
104519959955,0,0,0,9118367
104519959955,0,0,0,9128777
104519967115,0,0,0,9124511
104519967115,0,0,0,9118367
104519967115,0,0,0,9121780
104519967115,0,0,0,9119732
104519967115,0,0,0,9120756
104519974136,0,0,0,9120073
104519974136,0,0,0,9112735
104519974136,0,0,0,9121268
104519974136,0,0,0,9116660
104519974136,0,0,0,9117684
104519981400,0,0,0,9124169
104519981400,0,0,0,9115977
104519981400,0,0,0,9122633
104519981400,0,0,0,9121268
104519981400,0,0,0,9123657
104519988551,0,0,0,9119561
104519988551,0,0,0,9117684
104519988551,0,0,0,9126729
104519988551,0,0,0,9126047
104519988551,0,0,0,9113759
104519995484,0,0,0,9128777
104519995484,0,0,0,9125705
104519995484,0,0,0,9123145
104519995484,0,0,0,9118367
104519995484,0,0,0,9126047
104520002642,0,0,0,9113588
104520002642,0,0,0,9117684
104520002642,0,0,0,9120927
104520002642,0,0,0,9119049
104520002642,0,0,0,9108298
104520010171,0,0,0,9126559
104520010171,0,0,0,9111711
104520010171,0,0,0,9118025
104520010171,0,0,0,9118879
104520010171,0,0,0,9121097
104520016895,0,0,0,9127071
104520016895,0,0,0,9126729
104520016895,0,0,0,9118879
104520016895,0,0,0,9112223
104520016895,0,0,0,9127753
104520024427,0,0,0,9120244
104520024427,0,0,0,9125876
104520024427,0,0,0,9117343
104520024427,0,0,0,9113588
104520024427,0,0,0,9128948
104520031601,0,0,0,9115807
104520031601,0,0,0,9117172
104520031601,0,0,0,9121439
104520031601,0,0,0,9126559
104520031601,0,0,0,9119391
104520039263,0,0,0,9122804
104520039263,0,0,0,9118537
104520039263,0,0,0,9119903
104520039263,0,0,0,9123145
104520039263,0,0,0,9120756
104520046786,0,0,0,9115636
104520046786,0,0,0,9123828
104520046786,0,0,0,9119561
104520046786,0,0,0,9118708
104520046786,0,0,0,9117172
104520053377,0,0,0,9121951
104520053377,0,0,0,9122975
104520053377,0,0,0,9115977
104520053377,0,0,0,9122463
104520053377,0,0,0,9120756
104520060445,0,0,0,9118025
104520060445,0,0,0,9118025
104520060445,0,0,0,9123145
104520060445,0,0,0,9119561
104520060445,0,0,0,9121439
104520067349,0,0,0,9123999
104520067349,0,0,0,9120415
104520067349,0,0,0,9116831
104520067349,0,0,0,9119049
104520067349,0,0,0,9121609
104520074614,0,0,0,9116148
104520074614,0,0,0,9123316
104520074614,0,0,0,9123145
104520074614,0,0,0,9118708
104520074614,0,0,0,9118367
104520081802,0,0,0,9124681
104520081802,0,0,0,9120756
104520081802,0,0,0,9124511
104520081802,0,0,0,9117855
104520081802,0,0,0,9117343
104520089225,0,0,0,9120756
104520089225,0,0,0,9126729
104520089225,0,0,0,9118367
104520089225,0,0,0,9121268
104520089225,0,0,0,9114441
104520096669,0,0,0,9121268
104520096669,0,0,0,9120244
104520096669,0,0,0,9123316
104520096669,0,0,0,9118879
104520096669,0,0,0,9132020
104520103581,0,0,0,9122975
104520103581,0,0,0,9118537
104520103581,0,0,0,9120415
104520103581,0,0,0,9125193
104520103581,0,0,0,9120927
104520110521,0,0,0,9123316
104520110521,0,0,0,9121268
104520110521,0,0,0,9120415
104520110521,0,0,0,9121609
104520110521,0,0,0,9120073
104520117322,0,0,0,9118879
104520117322,0,0,0,9116660
104520117322,0,0,0,9114783
104520117322,0,0,0,9117855
104520117322,0,0,0,9113247
104520124741,0,0,0,9120927
104520124741,0,0,0,9119049
104520124741,0,0,0,9119903
104520124741,0,0,0,9127071
104520124741,0,0,0,9127412
104520132001,0,0,0,9118537
104520132001,0,0,0,9117855
104520132001,0,0,0,9119732
104520132001,0,0,0,9122804
104520132001,0,0,0,9120927
104520139312,0,0,0,9122463
104520139312,0,0,0,9118025
104520139312,0,0,0,9123487
104520139312,0,0,0,9122804
104520139312,0,0,0,9124681
104520146562,0,0,0,9125364
104520146562,0,0,0,9117343
104520146562,0,0,0,9119903
104520146562,0,0,0,9129289
104520146562,0,0,0,9122975
104520153470,0,0,0,9113929
104520153470,0,0,0,9117855
104520153470,0,0,0,9118025
104520153470,0,0,0,9118537
104520153470,0,0,0,9128777
104520160317,0,0,0,9126900
104520160317,0,0,0,9117684
104520160317,0,0,0,9121609
104520160317,0,0,0,9124169
104520160317,0,0,0,9118708
104520167649,0,0,0,9127924
104520167649,0,0,0,9118196
104520167649,0,0,0,9123657
104520167649,0,0,0,9115807
104520167649,0,0,0,9122292
104520174756,0,0,0,9113588
104520174756,0,0,0,9124340
104520174756,0,0,0,9120585
104520174756,0,0,0,9121097
104520174756,0,0,0,9112735
104520181949,0,0,0,9118879
104520181949,0,0,0,9120585
104520181949,0,0,0,9115295
104520181949,0,0,0,9125535
104520181949,0,0,0,9118537
104520189954,0,0,0,9126900
104520189954,0,0,0,9125876
104520189954,0,0,0,9119049
104520189954,0,0,0,9122292
104520189954,0,0,0,9124169
104520196594,0,0,0,9123145
104520196594,0,0,0,9122804
104520196594,0,0,0,9127241
104520196594,0,0,0,9122804
104520196594,0,0,0,9123316
104520203668,0,0,0,9117001
104520203668,0,0,0,9118025
104520203668,0,0,0,9121268
104520203668,0,0,0,9120415
104520203668,0,0,0,9118708
104520211436,0,0,0,9122121
104520211436,0,0,0,9116148
104520211436,0,0,0,9118196
104520211436,0,0,0,9123999
104520211436,0,0,0,9112906
104520217456,0,0,0,9126047
104520217456,0,0,0,9117684
104520217456,0,0,0,9125023
104520217456,0,0,0,9119561
104520217456,0,0,0,9126559
104520224986,0,0,0,9121097
104520224986,0,0,0,9122121
104520224986,0,0,0,9121268
104520224986,0,0,0,9123828
104520224986,0,0,0,9117855
104520232438,0,0,0,9120073
104520232438,0,0,0,9123145
104520232438,0,0,0,9123145
104520232438,0,0,0,9127412
104520232438,0,0,0,9114612
104520240018,0,0,0,9120585
104520240018,0,0,0,9120585
104520240018,0,0,0,9126900
104520240018,0,0,0,9120415
104520240018,0,0,0,9120585
104520246201,0,0,0,9115807
104520246201,0,0,0,9119732
104520246201,0,0,0,9122121
104520246201,0,0,0,9115465
104520246201,0,0,0,9130996
104520253608,0,0,0,9116489
104520253608,0,0,0,9121951
104520253608,0,0,0,9118537
104520253608,0,0,0,9119903
104520253608,0,0,0,9126900
104520260501,0,0,0,9123657
104520260501,0,0,0,9123828
104520260501,0,0,0,9117855
104520260501,0,0,0,9121609
104520260501,0,0,0,9123999
104520271706,0,0,0,9120073
104520271706,0,0,0,9122804
104520271706,0,0,0,9120415
104520271706,0,0,0,9117172
104520271706,0,0,0,9120756
104520275078,0,0,0,9126388
104520275078,0,0,0,9115124
104520275078,0,0,0,9122463
104520275078,0,0,0,9126900
104520275078,0,0,0,9124340
104520282753,0,0,0,9115807
104520282753,0,0,0,9122804
104520282753,0,0,0,9128095
104520282753,0,0,0,9128436
104520282753,0,0,0,9131679
104520290625,0,0,0,9123145
104520290625,0,0,0,9116660
104520290625,0,0,0,9122804
104520290625,0,0,0,9123145
104520290625,0,0,0,9117855
104520296469,0,0,0,9118537
104520296469,0,0,0,9119391
104520296469,0,0,0,9120415
104520296469,0,0,0,9126047
104520296469,0,0,0,9125364
104520304105,0,0,0,9124681
104520304105,0,0,0,9121268
104520304105,0,0,0,9117513
104520304105,0,0,0,9123657
104520304105,0,0,0,9115977
104520311595,0,0,0,9118367
104520311595,0,0,0,9118367
104520311595,0,0,0,9120927
104520311595,0,0,0,9121268
104520311595,0,0,0,9118708
104520325745,0,0,0,9125193
104520325745,0,0,0,9127241
104520325745,0,0,0,9121609
104520325745,0,0,0,9117001
104520325745,0,0,0,9118196
104520333285,0,0,0,9124681
104520333285,0,0,0,9121268
104520333285,0,0,0,9122975
104520333285,0,0,0,9122804
104520333285,0,0,0,9121780
104520334281,0,0,0,9115465
104520334281,0,0,0,9120756
104520334281,0,0,0,9120927
104520334281,0,0,0,9117684
104520334281,0,0,0,9116660
104520339110,0,0,0,9118025
104520339110,0,0,0,9117513
104520339110,0,0,0,9125535
104520339110,0,0,0,9119732
104520339110,0,0,0,9123487
104520346006,0,0,0,9121609
104520346006,0,0,0,9119220
104520346006,0,0,0,9119732
104520346006,0,0,0,9119220
104520346006,0,0,0,9122975
104520353712,0,0,0,9121097
104520353712,0,0,0,9124169
104520353712,0,0,0,9123316
104520353712,0,0,0,9123828
104520353712,0,0,0,9127583
104520362290,0,0,0,9118025
104520362290,0,0,0,9125535
104520362290,0,0,0,9118025
104520362290,0,0,0,9111540
104520362290,0,0,0,9123657
104520367904,0,0,0,9110516
104520367904,0,0,0,9125535
104520367904,0,0,0,9124681
104520367904,0,0,0,9114612
104520367904,0,0,0,9119220
104520374608,0,0,0,9119732
104520374608,0,0,0,9121097
104520374608,0,0,0,9116148
104520374608,0,0,0,9118025
104520374608,0,0,0,9130484
104520382063,0,0,0,9122804
104520382063,0,0,0,9114441
104520382063,0,0,0,9127583
104520382063,0,0,0,9123828
104520382063,0,0,0,9119732
104520388870,0,0,0,9123487
104520388870,0,0,0,9117855
104520388870,0,0,0,9122804
104520388870,0,0,0,9130655
104520388870,0,0,0,9123657
104520396194,0,0,0,9126388
104520396194,0,0,0,9127071
104520396194,0,0,0,9122121
104520396194,0,0,0,9126388
104520396194,0,0,0,9115807
104520403842,0,0,0,9120585
104520403842,0,0,0,9116489
104520403842,0,0,0,9122633
104520403842,0,0,0,9119903
104520403842,0,0,0,9124340
104520410891,0,0,0,9121609
104520410891,0,0,0,9111028
104520410891,0,0,0,9123145
104520410891,0,0,0,9128095
104520410891,0,0,0,9123145
104520417485,0,0,0,9113929
104520417485,0,0,0,9121951
104520417485,0,0,0,9116831
104520417485,0,0,0,9118708
104520417485,0,0,0,9121951
104520424700,0,0,0,9116489
104520424700,0,0,0,9118708
104520424700,0,0,0,9117343
104520424700,0,0,0,9117172
104520424700,0,0,0,9120244
104520432139,0,0,0,9122633
104520432139,0,0,0,9126900
104520432139,0,0,0,9116148
104520432139,0,0,0,9121268
104520432139,0,0,0,9126217
104520439028,0,0,0,9115977
104520439028,0,0,0,9115295
104520439028,0,0,0,9117684
104520439028,0,0,0,9126047
104520439028,0,0,0,9124511
104520446337,0,0,0,9117343
104520446337,0,0,0,9128948
104520446337,0,0,0,9122463
104520446337,0,0,0,9118367
104520446337,0,0,0,9116660
104520453264,0,0,0,9118879
104520453264,0,0,0,9117684
104520453264,0,0,0,9127241
104520453264,0,0,0,9120927
104520453264,0,0,0,9122463
104520460369,0,0,0,9120244
104520460369,0,0,0,9119220
104520460369,0,0,0,9115295
104520460369,0,0,0,9116660
104520460369,0,0,0,9122463
104520467396,0,0,0,9115636
104520467396,0,0,0,9128948
104520467396,0,0,0,9120927
104520467396,0,0,0,9121780
104520467396,0,0,0,9117513
104520474523,0,0,0,9118708
104520474523,0,0,0,9120585
104520474523,0,0,0,9123487
104520474523,0,0,0,9119732
104520474523,0,0,0,9123145
104520481834,0,0,0,9117172
104520481834,0,0,0,9125364
104520481834,0,0,0,9124169
104520481834,0,0,0,9115124
104520481834,0,0,0,9121097
104520489061,0,0,0,9124169
104520489061,0,0,0,9123145
104520489061,0,0,0,9124340
104520489061,0,0,0,9117684
104520489061,0,0,0,9121268
104520496332,0,0,0,9123316
104520496332,0,0,0,9118537
104520496332,0,0,0,9120756
104520496332,0,0,0,9127583
104520496332,0,0,0,9126729
104520503197,0,0,0,9123145
104520503197,0,0,0,9115465
104520503197,0,0,0,9117684
104520503197,0,0,0,9115636
104520503197,0,0,0,9117684
104520510353,0,0,0,9122463
104520510353,0,0,0,9122292
104520510353,0,0,0,9118025
104520510353,0,0,0,9123316
104520510353,0,0,0,9127924
104520517665,0,0,0,9125535
104520517665,0,0,0,9123487
104520517665,0,0,0,9116660
104520517665,0,0,0,9117684
104520517665,0,0,0,9121097
104520524727,0,0,0,9118196
104520524727,0,0,0,9124511
104520524727,0,0,0,9122804
104520524727,0,0,0,9125876
104520524727,0,0,0,9120585
104520532082,0,0,0,9119391
104520532082,0,0,0,9121609
104520532082,0,0,0,9117001
104520532082,0,0,0,9125876
104520532082,0,0,0,9121268
104520539623,0,0,0,9124169
104520539623,0,0,0,9126047
104520539623,0,0,0,9121097
104520539623,0,0,0,9122975
104520539623,0,0,0,9129631
104520546268,0,0,0,9122121
104520546268,0,0,0,9117684
104520546268,0,0,0,9121439
104520546268,0,0,0,9120244
104520546268,0,0,0,9121609
104520553429,0,0,0,9120756
104520553429,0,0,0,9126217
104520553429,0,0,0,9127583
104520553429,0,0,0,9125535
104520553429,0,0,0,9121609
104520560619,0,0,0,9123145
104520560619,0,0,0,9124681
104520560619,0,0,0,9124511
104520560619,0,0,0,9122804
104520560619,0,0,0,9123487
104520567848,0,0,0,9115465
104520567848,0,0,0,9120415
104520567848,0,0,0,9122804
104520567848,0,0,0,9125023
104520567848,0,0,0,9111711
104520574914,0,0,0,9122633
104520574914,0,0,0,9122463
104520574914,0,0,0,9120585
104520574914,0,0,0,9122975
104520574914,0,0,0,9126729
104520581915,0,0,0,9119903
104520581915,0,0,0,9123316
104520581915,0,0,0,9122975
104520581915,0,0,0,9118196
104520581915,0,0,0,9123657
104520589081,0,0,0,9120927
104520589081,0,0,0,9114783
104520589081,0,0,0,9123316
104520589081,0,0,0,9127753
104520589081,0,0,0,9121951
104520596265,0,0,0,9118025
104520596265,0,0,0,9118879
104520596265,0,0,0,9119903
104520596265,0,0,0,9118708
104520596265,0,0,0,9118879
104520603481,0,0,0,9122463
104520603481,0,0,0,9111882
104520603481,0,0,0,9121951
104520603481,0,0,0,9116831
104520603481,0,0,0,9127924
104520610608,0,0,0,9123316
104520610608,0,0,0,9120073
104520610608,0,0,0,9125364
104520610608,0,0,0,9120756
104520610608,0,0,0,9116489
104520617860,0,0,0,9124852
104520617860,0,0,0,9123316
104520617860,0,0,0,9124852
104520617860,0,0,0,9123316
104520617860,0,0,0,9119903
104520624936,0,0,0,9120756
104520624936,0,0,0,9126559
104520624936,0,0,0,9129119
104520624936,0,0,0,9129119
104520624936,0,0,0,9119049
104520632228,0,0,0,9126047
104520632228,0,0,0,9124511
104520632228,0,0,0,9122975
104520632228,0,0,0,9119732
104520632228,0,0,0,9133556
104520639449,0,0,0,9120244
104520639449,0,0,0,9123657
104520639449,0,0,0,9113417
104520639449,0,0,0,9125364
104520639449,0,0,0,9124340
104520646332,0,0,0,9123999
104520646332,0,0,0,9126729
104520646332,0,0,0,9128948
104520646332,0,0,0,9116660
104520646332,0,0,0,9125364
104520653503,0,0,0,9125535
104520653503,0,0,0,9125023
104520653503,0,0,0,9122463
104520653503,0,0,0,9122804
104520653503,0,0,0,9125876
104520660671,0,0,0,9121268
104520660671,0,0,0,9120756
104520660671,0,0,0,9122804
104520660671,0,0,0,9128777
104520660671,0,0,0,9125193
104520668501,0,0,0,9129460
104520668501,0,0,0,9125535
104520668501,0,0,0,9118025
104520668501,0,0,0,9118879
104520668501,0,0,0,9124852
104520675126,0,0,0,9130996
104520675126,0,0,0,9121439
104520675126,0,0,0,9118196
104520675126,0,0,0,9127753
104520675126,0,0,0,9121439
104520682190,0,0,0,9116831
104520682190,0,0,0,9119391
104520682190,0,0,0,9119391
104520682190,0,0,0,9115977
104520682190,0,0,0,9123999
104520689442,0,0,0,9128777
104520689442,0,0,0,9122292
104520689442,0,0,0,9127071
104520689442,0,0,0,9126900
104520689442,0,0,0,9122975
104520696446,0,0,0,9121780
104520696446,0,0,0,9118537
104520696446,0,0,0,9126900
104520696446,0,0,0,9127924
104520696446,0,0,0,9121609
104520703775,0,0,0,9121609
104520703775,0,0,0,9115465
104520703775,0,0,0,9124340
104520703775,0,0,0,9128607
104520703775,0,0,0,9119220
104520711065,0,0,0,9121780
104520711065,0,0,0,9127753
104520711065,0,0,0,9119049
104520711065,0,0,0,9129119
104520711065,0,0,0,9125876
104520718023,0,0,0,9122804
104520718023,0,0,0,9121439
104520718023,0,0,0,9115465
104520718023,0,0,0,9121268
104520718023,0,0,0,9120756
104520725090,0,0,0,9128607
104520725090,0,0,0,9123657
104520725090,0,0,0,9124681
104520725090,0,0,0,9117513
104520725090,0,0,0,9121780
104520732392,0,0,0,9124169
104520732392,0,0,0,9116660
104520732392,0,0,0,9123999
104520732392,0,0,0,9121951
104520732392,0,0,0,9120756
104520739387,0,0,0,9124340
104520739387,0,0,0,9125023
104520739387,0,0,0,9121439
104520739387,0,0,0,9122292
104520739387,0,0,0,9120244
104520746725,0,0,0,9119732
104520746725,0,0,0,9117001
104520746725,0,0,0,9125705
104520746725,0,0,0,9120756
104520746725,0,0,0,9120244
104520753686,0,0,0,9123999
104520753686,0,0,0,9120756
104520753686,0,0,0,9123316
104520753686,0,0,0,9122463
104520753686,0,0,0,9117343
104520760933,0,0,0,9123657
104520760933,0,0,0,9128265
104520760933,0,0,0,9126388
104520760933,0,0,0,9128948
104520760933,0,0,0,9117684
104520768047,0,0,0,9126729
104520768047,0,0,0,9128265
104520768047,0,0,0,9119049
104520768047,0,0,0,9123828
104520768047,0,0,0,9121097
104520775188,0,0,0,9120585
104520775188,0,0,0,9122975
104520775188,0,0,0,9124169
104520775188,0,0,0,9123657
104520775188,0,0,0,9121780
104520782412,0,0,0,9119220
104520782412,0,0,0,9125705
104520782412,0,0,0,9123999
104520782412,0,0,0,9121780
104520782412,0,0,0,9120244
104520789509,0,0,0,9121780
104520789509,0,0,0,9118537
104520789509,0,0,0,9123657
104520789509,0,0,0,9125193
104520789509,0,0,0,9124340
104520797307,0,0,0,9120073
104520797307,0,0,0,9122804
104520797307,0,0,0,9118025
104520797307,0,0,0,9121951
104520797307,0,0,0,9124511
104520803830,0,0,0,9123487
104520803830,0,0,0,9121268
104520803830,0,0,0,9131337
104520803830,0,0,0,9122633
104520803830,0,0,0,9121951
104520811201,0,0,0,9120756
104520811201,0,0,0,9121951
104520811201,0,0,0,9122633
104520811201,0,0,0,9126729
104520811201,0,0,0,9122633
104520818231,0,0,0,9122804
104520818231,0,0,0,9122633
104520818231,0,0,0,9121780
104520818231,0,0,0,9127241
104520818231,0,0,0,9124511
104520825282,0,0,0,9122121
104520825282,0,0,0,9125193
104520825282,0,0,0,9122975
104520825282,0,0,0,9123999
104520825282,0,0,0,9122292
104520832571,0,0,0,9123145
104520832571,0,0,0,9124681
104520832571,0,0,0,9113417
104520832571,0,0,0,9125023
104520832571,0,0,0,9120073
104520839598,0,0,0,9120585
104520839598,0,0,0,9120585
104520839598,0,0,0,9123828
104520839598,0,0,0,9120244
104520839598,0,0,0,9123657
104520846909,0,0,0,9123999
104520846909,0,0,0,9117855
104520846909,0,0,0,9121780
104520846909,0,0,0,9118537
104520846909,0,0,0,9125193
104520854045,0,0,0,9122292
104520854045,0,0,0,9116831
104520854045,0,0,0,9117343
104520854045,0,0,0,9125876
104520854045,0,0,0,9125535
104520861069,0,0,0,9116831
104520861069,0,0,0,9124852
104520861069,0,0,0,9120073
104520861069,0,0,0,9120244
104520861069,0,0,0,9118196
104520868389,0,0,0,9126559
104520868389,0,0,0,9127241
104520868389,0,0,0,9119732
104520868389,0,0,0,9123487
104520868389,0,0,0,9121780
104520875396,0,0,0,9124169
104520875396,0,0,0,9118196
104520875396,0,0,0,9124681
104520875396,0,0,0,9117684
104520875396,0,0,0,9115807
104520882576,0,0,0,9120415
104520882576,0,0,0,9120244
104520882576,0,0,0,9127071
104520882576,0,0,0,9114612
104520882576,0,0,0,9119561
104520890131,0,0,0,9120415
104520890131,0,0,0,9126217
104520890131,0,0,0,9122463
104520890131,0,0,0,9125023
104520890131,0,0,0,9120756
104520896993,0,0,0,9121097
104520896993,0,0,0,9123145
104520896993,0,0,0,9119220
104520896993,0,0,0,9124852
104520896993,0,0,0,9123657
104520904385,0,0,0,9125193
104520904385,0,0,0,9114953
104520904385,0,0,0,9117684
104520904385,0,0,0,9119732
104520904385,0,0,0,9123316
104520911365,0,0,0,9119220
104520911365,0,0,0,9114441
104520911365,0,0,0,9115295
104520911365,0,0,0,9120244
104520911365,0,0,0,9127753
104520918570,0,0,0,9124511
104520918570,0,0,0,9125193
104520918570,0,0,0,9119903
104520918570,0,0,0,9120585
104520918570,0,0,0,9119049
104520926208,0,0,0,9129972
104520926208,0,0,0,9122292
104520926208,0,0,0,9121268
104520926208,0,0,0,9124340
104520926208,0,0,0,9125705
104520933207,0,0,0,9123999
104520933207,0,0,0,9117855
104520933207,0,0,0,9124169
104520933207,0,0,0,9118196
104520933207,0,0,0,9122121
104520939981,0,0,0,9125364
104520939981,0,0,0,9116148
104520939981,0,0,0,9120244
104520939981,0,0,0,9121097
104520939981,0,0,0,9118537
104520947260,0,0,0,9125876
104520947260,0,0,0,9120073
104520947260,0,0,0,9129460
104520947260,0,0,0,9127241
104520947260,0,0,0,9119732
104520954105,0,0,0,9120585
104520954105,0,0,0,9121780
104520954105,0,0,0,9119220
104520954105,0,0,0,9125705
104520954105,0,0,0,9115465
104520961419,0,0,0,9122292
104520961419,0,0,0,9116831
104520961419,0,0,0,9117001
104520961419,0,0,0,9120756
104520961419,0,0,0,9115295
104520968460,0,0,0,9123145
104520968460,0,0,0,9126388
104520968460,0,0,0,9129631
104520968460,0,0,0,9117001
104520968460,0,0,0,9120585
104520975773,0,0,0,9125364
104520975773,0,0,0,9124852
104520975773,0,0,0,9125023
104520975773,0,0,0,9122292
104520975773,0,0,0,9120585
104520982912,0,0,0,9118196
104520982912,0,0,0,9125535
104520982912,0,0,0,9123657
104520982912,0,0,0,9123999
104520982912,0,0,0,9118196
104520989939,0,0,0,9126217
104520989939,0,0,0,9129289
104520989939,0,0,0,9119903
104520989939,0,0,0,9128095
104520989939,0,0,0,9114953
104520997333,0,0,0,9119220
104520997333,0,0,0,9121268
104520997333,0,0,0,9119561
104520997333,0,0,0,9121780
104520997333,0,0,0,9123145
104521004344,0,0,0,9119903
104521004344,0,0,0,9124852
104521004344,0,0,0,9125193
104521004344,0,0,0,9122633
104521004344,0,0,0,9128265
104521011827,0,0,0,9124511
104521011827,0,0,0,9119561
104521011827,0,0,0,9123487
104521011827,0,0,0,9123999
104521011827,0,0,0,9125705
104521018572,0,0,0,9120756
104521018572,0,0,0,9118025
104521018572,0,0,0,9112735
104521018572,0,0,0,9121097
104521018572,0,0,0,9125535
104521026078,0,0,0,9122633
104521026078,0,0,0,9117001
104521026078,0,0,0,9120756
104521026078,0,0,0,9112223
104521026078,0,0,0,9122121
104521033969,0,0,0,9116319
104521033969,0,0,0,9124340
104521033969,0,0,0,9114783
104521033969,0,0,0,9116148
104521033969,0,0,0,9128095
104521040995,0,0,0,9117855
104521040995,0,0,0,9118537
104521040995,0,0,0,9120244
104521040995,0,0,0,9119903
104521040995,0,0,0,9124852
104521048073,0,0,0,9122463
104521048073,0,0,0,9123657
104521048073,0,0,0,9120756
104521048073,0,0,0,9122633
104521048073,0,0,0,9118367
104521054997,0,0,0,9121268
104521054997,0,0,0,9118537
104521054997,0,0,0,9120244
104521054997,0,0,0,9123657
104521054997,0,0,0,9129289
104521062166,0,0,0,9114271
104521062166,0,0,0,9121268
104521062166,0,0,0,9125535
104521062166,0,0,0,9120756
104521062166,0,0,0,9120585
104521069376,0,0,0,9114783
104521069376,0,0,0,9116319
104521069376,0,0,0,9123828
104521069376,0,0,0,9127583
104521069376,0,0,0,9117343
104521077658,0,0,0,9119391
104521077658,0,0,0,9121097
104521077658,0,0,0,9120073
104521077658,0,0,0,9115465
104521077658,0,0,0,9126900
104521083963,0,0,0,9116831
104521083963,0,0,0,9122463
104521083963,0,0,0,9118367
104521083963,0,0,0,9124681
104521083963,0,0,0,9119391
104521092029,0,0,0,9118196
104521092029,0,0,0,9124340
104521092029,0,0,0,9127412
104521092029,0,0,0,9122292
104521092029,0,0,0,9124852
104521098469,0,0,0,9118708
104521098469,0,0,0,9123487
104521098469,0,0,0,9119903
104521098469,0,0,0,9114441
104521098469,0,0,0,9119220
104521106327,0,0,0,9112906
104521106327,0,0,0,9120073
104521106327,0,0,0,9123487
104521106327,0,0,0,9125193
104521106327,0,0,0,9127924
104521113860,0,0,0,9127241
104521113860,0,0,0,9118367
104521113860,0,0,0,9122292
104521113860,0,0,0,9124169
104521113860,0,0,0,9119903
104521119824,0,0,0,9124681
104521119824,0,0,0,9119903
104521119824,0,0,0,9120756
104521119824,0,0,0,9118025
104521119824,0,0,0,9119049
104521126905,0,0,0,9125193
104521126905,0,0,0,9125364
104521126905,0,0,0,9121268
104521126905,0,0,0,9123316
104521126905,0,0,0,9118367
104521134350,0,0,0,9117855
104521134350,0,0,0,9129460
104521134350,0,0,0,9126729
104521134350,0,0,0,9117172
104521134350,0,0,0,9115977
104521140677,0,0,0,9123999
104521140677,0,0,0,9118025
104521140677,0,0,0,9127924
104521140677,0,0,0,9124340
104521140677,0,0,0,9119049
104521148050,0,0,0,9121780
104521148050,0,0,0,9115977
104521148050,0,0,0,9117684
104521148050,0,0,0,9118025
104521148050,0,0,0,9127241
104521155938,0,0,0,9123828
104521155938,0,0,0,9124511
104521155938,0,0,0,9119732
104521155938,0,0,0,9121609
104521155938,0,0,0,9120927
104521162263,0,0,0,9119391
104521162263,0,0,0,9126217
104521162263,0,0,0,9117172
104521162263,0,0,0,9124852
104521162263,0,0,0,9122633
104521169287,0,0,0,9120927
104521169287,0,0,0,9118367
104521169287,0,0,0,9123145
104521169287,0,0,0,9123145
104521169287,0,0,0,9129631
104521176652,0,0,0,9123657
104521176652,0,0,0,9119049
104521176652,0,0,0,9121780
104521176652,0,0,0,9122121
104521176652,0,0,0,9121439
104521183663,0,0,0,9121951
104521183663,0,0,0,9123999
104521183663,0,0,0,9126729
104521183663,0,0,0,9124340
104521183663,0,0,0,9120756
104521190770,0,0,0,9121268
104521190770,0,0,0,9118537
104521190770,0,0,0,9125023
104521190770,0,0,0,9119561
104521190770,0,0,0,9116489
104521198157,0,0,0,9120073
104521198157,0,0,0,9126729
104521198157,0,0,0,9121268
104521198157,0,0,0,9117343
104521198157,0,0,0,9117343
104521205146,0,0,0,9119220
104521205146,0,0,0,9121268
104521205146,0,0,0,9125023
104521205146,0,0,0,9121097
104521205146,0,0,0,9122804
104521212617,0,0,0,9117513
104521212617,0,0,0,9120073
104521212617,0,0,0,9124169
104521212617,0,0,0,9121268
104521212617,0,0,0,9117855
104521219531,0,0,0,9118879
104521219531,0,0,0,9117684
104521219531,0,0,0,9122633
104521219531,0,0,0,9126217
104521219531,0,0,0,9118367
104521226849,0,0,0,9120585
104521226849,0,0,0,9120073
104521226849,0,0,0,9125193
104521226849,0,0,0,9114441
104521226849,0,0,0,9125193
104521234337,0,0,0,9117343
104521234337,0,0,0,9119391
104521234337,0,0,0,9118025
104521234337,0,0,0,9126047
104521234337,0,0,0,9122292
104521241103,0,0,0,9120927
104521241103,0,0,0,9129289
104521241103,0,0,0,9127241
104521241103,0,0,0,9112223
104521241103,0,0,0,9126217
104521248872,0,0,0,9116489
104521248872,0,0,0,9126217
104521248872,0,0,0,9125876
104521248872,0,0,0,9129460
104521248872,0,0,0,9120415
104521256887,0,0,0,9119561
104521256887,0,0,0,9125193
104521256887,0,0,0,9122292
104521256887,0,0,0,9117343
104521256887,0,0,0,9118708
104521262804,0,0,0,9122292
104521262804,0,0,0,9125535
104521262804,0,0,0,9116831
104521262804,0,0,0,9120415
104521262804,0,0,0,9121780
104521269771,0,0,0,9124340
104521269771,0,0,0,9129119
104521269771,0,0,0,9120927
104521269771,0,0,0,9117343
104521269771,0,0,0,9119391
104521277357,0,0,0,9123145
104521277357,0,0,0,9122804
104521277357,0,0,0,9119561
104521277357,0,0,0,9124852
104521277357,0,0,0,9116831
104521284122,0,0,0,9118025
104521284122,0,0,0,9119220
104521284122,0,0,0,9121780
104521284122,0,0,0,9126559
104521284122,0,0,0,9120927
104521291461,0,0,0,9126388
104521291461,0,0,0,9126559
104521291461,0,0,0,9113759
104521291461,0,0,0,9120927
104521291461,0,0,0,9122975
104521298592,0,0,0,9119732
104521298592,0,0,0,9120927
104521298592,0,0,0,9121097
104521298592,0,0,0,9122292
104521298592,0,0,0,9124511
104521305884,0,0,0,9126729
104521305884,0,0,0,9121097
104521305884,0,0,0,9119391
104521305884,0,0,0,9117855
104521305884,0,0,0,9125364
104521312991,0,0,0,9117855
104521312991,0,0,0,9116319
104521312991,0,0,0,9123828
104521312991,0,0,0,9119220
104521312991,0,0,0,9118196
104521320760,0,0,0,9123999
104521320760,0,0,0,9120585
104521320760,0,0,0,9115465
104521320760,0,0,0,9117001
104521320760,0,0,0,9121097
104521327463,0,0,0,9123999
104521327463,0,0,0,9116148
104521327463,0,0,0,9126729
104521327463,0,0,0,9119049
104521327463,0,0,0,9118708
104521334812,0,0,0,9124511
104521334812,0,0,0,9122121
104521334812,0,0,0,9119732
104521334812,0,0,0,9118537
104521334812,0,0,0,9116831
104521341640,0,0,0,9128095
104521341640,0,0,0,9120415
104521341640,0,0,0,9121951
104521341640,0,0,0,9121609
104521341640,0,0,0,9118367
104521349004,0,0,0,9120756
104521349004,0,0,0,9122292
104521349004,0,0,0,9117343
104521349004,0,0,0,9122463
104521349004,0,0,0,9113929
104521356559,0,0,0,9122292
104521356559,0,0,0,9114783
104521356559,0,0,0,9121268
104521356559,0,0,0,9125535
104521356559,0,0,0,9124852
104521363220,0,0,0,9115295
104521363220,0,0,0,9124852
104521363220,0,0,0,9124681
104521363220,0,0,0,9119391
104521363220,0,0,0,9122292
104521370113,0,0,0,9115124
104521370113,0,0,0,9120756
104521370113,0,0,0,9118025
104521370113,0,0,0,9119903
104521370113,0,0,0,9125876
104521377356,0,0,0,9129801
104521377356,0,0,0,9116148
104521377356,0,0,0,9123487
104521377356,0,0,0,9119732
104521377356,0,0,0,9121097
104521384246,0,0,0,9122292
104521384246,0,0,0,9122975
104521384246,0,0,0,9119391
104521384246,0,0,0,9118537
104521384246,0,0,0,9128265
104521391373,0,0,0,9122975
104521391373,0,0,0,9121268
104521391373,0,0,0,9117343
104521391373,0,0,0,9125705
104521391373,0,0,0,9123487
104521398561,0,0,0,9123828
104521398561,0,0,0,9123316
104521398561,0,0,0,9126729
104521398561,0,0,0,9117172
104521398561,0,0,0,9121439
104521405751,0,0,0,9119903
104521405751,0,0,0,9121609
104521405751,0,0,0,9119903
104521405751,0,0,0,9119391
104521405751,0,0,0,9119220
104521413260,0,0,0,9123487
104521413260,0,0,0,9125193
104521413260,0,0,0,9120415
104521413260,0,0,0,9125023
104521413260,0,0,0,9122292
104521420284,0,0,0,9122463
104521420284,0,0,0,9123828
104521420284,0,0,0,9126388
104521420284,0,0,0,9120244
104521420284,0,0,0,9120927
104521427185,0,0,0,9117855
104521427185,0,0,0,9125193
104521427185,0,0,0,9120073
104521427185,0,0,0,9117001
104521427185,0,0,0,9120756
104521434584,0,0,0,9122975
104521434584,0,0,0,9122463
104521434584,0,0,0,9116831
104521434584,0,0,0,9111540
104521434584,0,0,0,9121780
104521441641,0,0,0,9127924
104521441641,0,0,0,9121268
104521441641,0,0,0,9118537
104521441641,0,0,0,9122463
104521441641,0,0,0,9122292
104521451824,0,0,0,9120244
104521451824,0,0,0,9120927
104521451824,0,0,0,9118879
104521451824,0,0,0,9125535
104521451824,0,0,0,9123487
104521456167,0,0,0,9122121
104521456167,0,0,0,9123657
104521456167,0,0,0,9117684
104521456167,0,0,0,9120415
104521456167,0,0,0,9124511
104521463278,0,0,0,9117684
104521463278,0,0,0,9124511
104521463278,0,0,0,9117172
104521463278,0,0,0,9123316
104521463278,0,0,0,9115807
104521470176,0,0,0,9123316
104521470176,0,0,0,9125193
104521470176,0,0,0,9117855
104521470176,0,0,0,9125876
104521470176,0,0,0,9123828
104521477614,0,0,0,9115636
104521477614,0,0,0,9120756
104521477614,0,0,0,9120927
104521477614,0,0,0,9117513
104521477614,0,0,0,9117001
104521484928,0,0,0,9116660
104521484928,0,0,0,9122633
104521484928,0,0,0,9122975
104521484928,0,0,0,9120585
104521484928,0,0,0,9123828
104521492218,0,0,0,9118537
104521492218,0,0,0,9124511
104521492218,0,0,0,9124169
104521492218,0,0,0,9116489
104521492218,0,0,0,9125023
104521498799,0,0,0,9114441
104521498799,0,0,0,9118367
104521498799,0,0,0,9122121
104521498799,0,0,0,9121268
104521498799,0,0,0,9120415
104521506402,0,0,0,9121097
104521506402,0,0,0,9118879
104521506402,0,0,0,9114100
104521506402,0,0,0,9117343
104521506402,0,0,0,9121097
104521513354,0,0,0,9122633
104521513354,0,0,0,9127583
104521513354,0,0,0,9122804
104521513354,0,0,0,9124511
104521513354,0,0,0,9129119
104521520706,0,0,0,9122975
104521520706,0,0,0,9124681
104521520706,0,0,0,9118367
104521520706,0,0,0,9115465
104521520706,0,0,0,9119561
104521527427,0,0,0,9121439
104521527427,0,0,0,9123657
104521527427,0,0,0,9117513
104521527427,0,0,0,9116660
104521527427,0,0,0,9117343
104521534910,0,0,0,9115465
104521534910,0,0,0,9122292
104521534910,0,0,0,9127753
104521534910,0,0,0,9123999
104521534910,0,0,0,9123999
104521542057,0,0,0,9124340
104521542057,0,0,0,9120585
104521542057,0,0,0,9119561
104521542057,0,0,0,9121268
104521542057,0,0,0,9124681
104521549464,0,0,0,9120927
104521549464,0,0,0,9119903
104521549464,0,0,0,9123657
104521549464,0,0,0,9117855
104521549464,0,0,0,9113076
104521556428,0,0,0,9126729
104521556428,0,0,0,9117684
104521556428,0,0,0,9122463
104521556428,0,0,0,9119220
104521556428,0,0,0,9129460
104521563371,0,0,0,9119732
104521563371,0,0,0,9118367
104521563371,0,0,0,9121097
104521563371,0,0,0,9121780
104521563371,0,0,0,9120415
104521570660,0,0,0,9119732
104521570660,0,0,0,9115977
104521570660,0,0,0,9121439
104521570660,0,0,0,9119732
104521570660,0,0,0,9121439
104521577910,0,0,0,9123999
104521577910,0,0,0,9124340
104521577910,0,0,0,9115636
104521577910,0,0,0,9123657
104521577910,0,0,0,9118708
104521585056,0,0,0,9120756
104521585056,0,0,0,9120073
104521585056,0,0,0,9123145
104521585056,0,0,0,9125193
104521585056,0,0,0,9115807
104521591850,0,0,0,9121268
104521591850,0,0,0,9124169
104521591850,0,0,0,9124340
104521591850,0,0,0,9116660
104521591850,0,0,0,9123828
104521599442,0,0,0,9117855
104521599442,0,0,0,9128607
104521599442,0,0,0,9121780
104521599442,0,0,0,9118025
104521599442,0,0,0,9124169
104521606935,0,0,0,9120585
104521606935,0,0,0,9116319
104521606935,0,0,0,9126388
104521606935,0,0,0,9121780
104521606935,0,0,0,9118879
104521613519,0,0,0,9120585
104521613519,0,0,0,9120244
104521613519,0,0,0,9125535
104521613519,0,0,0,9120415
104521613519,0,0,0,9122463
104521620634,0,0,0,9119561
104521620634,0,0,0,9118879
104521620634,0,0,0,9121609
104521620634,0,0,0,9114441
104521620634,0,0,0,9117513
104521627900,0,0,0,9121609
104521627900,0,0,0,9118025
104521627900,0,0,0,9120756
104521627900,0,0,0,9121609
104521627900,0,0,0,9118367
104521635078,0,0,0,9114441
104521635078,0,0,0,9118879
104521635078,0,0,0,9120415
104521635078,0,0,0,9118708
104521635078,0,0,0,9121268
104521643142,0,0,0,9120927
104521643142,0,0,0,9118537
104521643142,0,0,0,9120756
104521643142,0,0,0,9118537
104521643142,0,0,0,9127071
104521649324,0,0,0,9113247
104521649324,0,0,0,9126217
104521649324,0,0,0,9120415
104521649324,0,0,0,9124681
104521649324,0,0,0,9129289
104521656348,0,0,0,9121439
104521656348,0,0,0,9124852
104521656348,0,0,0,9122975
104521656348,0,0,0,9118025
104521656348,0,0,0,9118025
104521663480,0,0,0,9119049
104521663480,0,0,0,9118879
104521663480,0,0,0,9119391
104521663480,0,0,0,9127241
104521663480,0,0,0,9127241
104521671177,0,0,0,9117855
104521671177,0,0,0,9122463
104521671177,0,0,0,9114441
104521671177,0,0,0,9121780
104521671177,0,0,0,9121097
104521678113,0,0,0,9116831
104521678113,0,0,0,9119561
104521678113,0,0,0,9122633
104521678113,0,0,0,9119732
104521678113,0,0,0,9118537
104521685131,0,0,0,9120073
104521685131,0,0,0,9119049
104521685131,0,0,0,9122463
104521685131,0,0,0,9123999
104521685131,0,0,0,9115977
104521692469,0,0,0,9115636
104521692469,0,0,0,9116148
104521692469,0,0,0,9114612
104521692469,0,0,0,9122633
104521692469,0,0,0,9123487
104521699176,0,0,0,9120927
104521699176,0,0,0,9126729
104521699176,0,0,0,9114612
104521699176,0,0,0,9125535
104521699176,0,0,0,9125023
104521706852,0,0,0,9111028
104521706852,0,0,0,9123828
104521706852,0,0,0,9121097
104521706852,0,0,0,9122633
104521706852,0,0,0,9120073
104521713765,0,0,0,9128777
104521713765,0,0,0,9124681
104521713765,0,0,0,9123316
104521713765,0,0,0,9118196
104521713765,0,0,0,9122463
104521721130,0,0,0,9121268
104521721130,0,0,0,9124340
104521721130,0,0,0,9118367
104521721130,0,0,0,9117855
104521721130,0,0,0,9118367
104521728114,0,0,0,9119049
104521728114,0,0,0,9123316
104521728114,0,0,0,9120756
104521728114,0,0,0,9123316
104521728114,0,0,0,9119732
104521734884,0,0,0,9118367
104521734884,0,0,0,9116831
104521734884,0,0,0,9122121
104521734884,0,0,0,9118367
104521734884,0,0,0,9128095
104521742295,0,0,0,9121439
104521742295,0,0,0,9123999
104521742295,0,0,0,9119049
104521742295,0,0,0,9124340
104521742295,0,0,0,9113588
104521749296,0,0,0,9114441
104521749296,0,0,0,9122633
104521749296,0,0,0,9123487
104521749296,0,0,0,9129119
104521749296,0,0,0,9120927
104521756453,0,0,0,9122633
104521756453,0,0,0,9123145
104521756453,0,0,0,9118196
104521756453,0,0,0,9121951
104521756453,0,0,0,9122121
104521764076,0,0,0,9113929
104521764076,0,0,0,9127071
104521764076,0,0,0,9121951
104521764076,0,0,0,9120415
104521764076,0,0,0,9115636
104521770703,0,0,0,9119049
104521770703,0,0,0,9128607
104521770703,0,0,0,9126047
104521770703,0,0,0,9121097
104521770703,0,0,0,9114271
104521777935,0,0,0,9126729
104521777935,0,0,0,9122633
104521777935,0,0,0,9118537
104521777935,0,0,0,9127924
104521777935,0,0,0,9125705
104521784990,0,0,0,9120073
104521784990,0,0,0,9123487
104521784990,0,0,0,9119561
104521784990,0,0,0,9115977
104521784990,0,0,0,9119391
104521792517,0,0,0,9120244
104521792517,0,0,0,9121097
104521792517,0,0,0,9124852
104521792517,0,0,0,9124511
104521792517,0,0,0,9116660
104521799394,0,0,0,9116660
104521799394,0,0,0,9129119
104521799394,0,0,0,9121097
104521799394,0,0,0,9119561
104521799394,0,0,0,9124511
104521807632,0,0,0,9119391
104521807632,0,0,0,9116660
104521807632,0,0,0,9112906
104521807632,0,0,0,9125023
104521807632,0,0,0,9120244
104521813919,0,0,0,9117855
104521813919,0,0,0,9125535
104521813919,0,0,0,9112906
104521813919,0,0,0,9123657
104521813919,0,0,0,9121268
104521820758,0,0,0,9125364
104521820758,0,0,0,9125023
104521820758,0,0,0,9120415
104521820758,0,0,0,9118025
104521820758,0,0,0,9122463
104521827983,0,0,0,9127412
104521827983,0,0,0,9116489
104521827983,0,0,0,9127583
104521827983,0,0,0,9114271
104521827983,0,0,0,9118879
104521835144,0,0,0,9117684
104521835144,0,0,0,9127412
104521835144,0,0,0,9122975
104521835144,0,0,0,9122121
104521835144,0,0,0,9121268
104521843200,0,0,0,9122463
104521843200,0,0,0,9123828
104521843200,0,0,0,9123657
104521843200,0,0,0,9120585
104521843200,0,0,0,9122292
104521850528,0,0,0,9119049
104521850528,0,0,0,9127924
104521850528,0,0,0,9120756
104521850528,0,0,0,9116831
104521850528,0,0,0,9120073
104521856998,0,0,0,9124169
104521856998,0,0,0,9116319
104521856998,0,0,0,9120756
104521856998,0,0,0,9116660
104521856998,0,0,0,9122804
104521863997,0,0,0,9120927
104521863997,0,0,0,9123828
104521863997,0,0,0,9120073
104521863997,0,0,0,9122292
104521863997,0,0,0,9125193
104521870903,0,0,0,9115807
104521870903,0,0,0,9121097
104521870903,0,0,0,9116319
104521870903,0,0,0,9129119
104521870903,0,0,0,9120756
104521878433,0,0,0,9121780
104521878433,0,0,0,9125193
104521878433,0,0,0,9115465
104521878433,0,0,0,9116319
104521878433,0,0,0,9121439
104521885567,0,0,0,9118367
104521885567,0,0,0,9123657
104521885567,0,0,0,9121609
104521885567,0,0,0,9118367
104521885567,0,0,0,9121780
104521892349,0,0,0,9122975
104521892349,0,0,0,9122121
104521892349,0,0,0,9118537
104521892349,0,0,0,9117855
104521892349,0,0,0,9125364
104521899595,0,0,0,9122292
104521899595,0,0,0,9118537
104521899595,0,0,0,9120927
104521899595,0,0,0,9121609
104521899595,0,0,0,9121097
104521907311,0,0,0,9124852
104521907311,0,0,0,9117513
104521907311,0,0,0,9125535
104521907311,0,0,0,9123145
104521907311,0,0,0,9115124
104521914313,0,0,0,9122633
104521914313,0,0,0,9116319
104521914313,0,0,0,9115465
104521914313,0,0,0,9120927
104521914313,0,0,0,9114271
104521921304,0,0,0,9124340
104521921304,0,0,0,9123145
104521921304,0,0,0,9122463
104521921304,0,0,0,9125535
104521921304,0,0,0,9123999
104521928198,0,0,0,9118196
104521928198,0,0,0,9121609
104521928198,0,0,0,9118367
104521928198,0,0,0,9122121
104521928198,0,0,0,9120927
104521935840,0,0,0,9120244
104521935840,0,0,0,9122633
104521935840,0,0,0,9125023
104521935840,0,0,0,9113247
104521935840,0,0,0,9122633
104521942695,0,0,0,9119220
104521942695,0,0,0,9115977
104521942695,0,0,0,9123145
104521942695,0,0,0,9116319
104521942695,0,0,0,9123487
104521949526,0,0,0,9123999
104521949526,0,0,0,9119561
104521949526,0,0,0,9117343
104521949526,0,0,0,9130143
104521949526,0,0,0,9126729
104521956780,0,0,0,9118367
104521956780,0,0,0,9118879
104521956780,0,0,0,9116319
104521956780,0,0,0,9122463
104521956780,0,0,0,9116489
104521964137,0,0,0,9124511
104521964137,0,0,0,9119561
104521964137,0,0,0,9120244
104521964137,0,0,0,9121609
104521964137,0,0,0,9120073
104521971187,0,0,0,9116148
104521971187,0,0,0,9120073
104521971187,0,0,0,9119903
104521971187,0,0,0,9121609
104521971187,0,0,0,9122633
104521978757,0,0,0,9120585
104521978757,0,0,0,9117001
104521978757,0,0,0,9124681
104521978757,0,0,0,9119391
104521978757,0,0,0,9119391
104521985520,0,0,0,9116660
104521985520,0,0,0,9117172
104521985520,0,0,0,9117001
104521985520,0,0,0,9126900
104521985520,0,0,0,9125705
104521992411,0,0,0,9117172
104521992411,0,0,0,9118879
104521992411,0,0,0,9125023
104521992411,0,0,0,9124169
104521992411,0,0,0,9122463
104521999580,0,0,0,9116319
104521999580,0,0,0,9121439
104521999580,0,0,0,9121609
104521999580,0,0,0,9123999
104521999580,0,0,0,9117684
104522006789,0,0,0,9121951
104522006789,0,0,0,9123316
104522006789,0,0,0,9127412
104522006789,0,0,0,9117684
104522006789,0,0,0,9116660
104522013913,0,0,0,9121780
104522013913,0,0,0,9126729
104522013913,0,0,0,9119732
104522013913,0,0,0,9117343
104522013913,0,0,0,9127071
104522021298,0,0,0,9124852
104522021298,0,0,0,9128607
104522021298,0,0,0,9118196
104522021298,0,0,0,9126900
104522021298,0,0,0,9121780
104522030332,0,0,0,9114612
104522030332,0,0,0,9120585
104522030332,0,0,0,9120415
104522030332,0,0,0,9120585
104522030332,0,0,0,9117855
104522036033,0,0,0,9115807
104522036033,0,0,0,9119561
104522036033,0,0,0,9123999
104522036033,0,0,0,9123487
104522036033,0,0,0,9123316
104522042856,0,0,0,9113929
104522042856,0,0,0,9124852
104522042856,0,0,0,9120927
104522042856,0,0,0,9124511
104522042856,0,0,0,9122975
104522050140,0,0,0,9119561
104522050140,0,0,0,9117855
104522050140,0,0,0,9118879
104522050140,0,0,0,9114783
104522050140,0,0,0,9125023
104522057435,0,0,0,9120756
104522057435,0,0,0,9119732
104522057435,0,0,0,9118367
104522057435,0,0,0,9124169
104522057435,0,0,0,9120244
104522064334,0,0,0,9122975
104522064334,0,0,0,9125705
104522064334,0,0,0,9125023
104522064334,0,0,0,9119391
104522064334,0,0,0,9119561
104522071275,0,0,0,9114100
104522071275,0,0,0,9115465
104522071275,0,0,0,9116660
104522071275,0,0,0,9119391
104522071275,0,0,0,9119561
104522078439,0,0,0,9123999
104522078439,0,0,0,9123657
104522078439,0,0,0,9121780
104522078439,0,0,0,9121609
104522078439,0,0,0,9125876
104522085564,0,0,0,9119220
104522085564,0,0,0,9119903
104522085564,0,0,0,9122633
104522085564,0,0,0,9122292
104522085564,0,0,0,9118537
104522092969,0,0,0,9121439
104522092969,0,0,0,9125876
104522092969,0,0,0,9121268
104522092969,0,0,0,9124340
104522092969,0,0,0,9126388
104522100346,0,0,0,9119049
104522100346,0,0,0,9121780
104522100346,0,0,0,9119049
104522100346,0,0,0,9119049
104522100346,0,0,0,9122463
104522107524,0,0,0,9122292
104522107524,0,0,0,9121268
104522107524,0,0,0,9123828
104522107524,0,0,0,9113417
104522107524,0,0,0,9119732
104522114401,0,0,0,9123828
104522114401,0,0,0,9121609
104522114401,0,0,0,9114441
104522114401,0,0,0,9120927
104522114401,0,0,0,9114441
104522121770,0,0,0,9124681
104522121770,0,0,0,9122121
104522121770,0,0,0,9127924
104522121770,0,0,0,9123657
104522121770,0,0,0,9120244
104522128592,0,0,0,9118708
104522128592,0,0,0,9120073
104522128592,0,0,0,9122463
104522128592,0,0,0,9123487
104522128592,0,0,0,9123657
104522135893,0,0,0,9118196
104522135893,0,0,0,9121780
104522135893,0,0,0,9123316
104522135893,0,0,0,9120927
104522135893,0,0,0,9126729
104522143598,0,0,0,9122804
104522143598,0,0,0,9114953
104522143598,0,0,0,9123487
104522143598,0,0,0,9118537
104522143598,0,0,0,9116319
104522149964,0,0,0,9123657
104522149964,0,0,0,9120244
104522149964,0,0,0,9116831
104522149964,0,0,0,9116148
104522149964,0,0,0,9114271
104522157522,0,0,0,9123316
104522157522,0,0,0,9114783
104522157522,0,0,0,9122975
104522157522,0,0,0,9125023
104522157522,0,0,0,9120073
104522164524,0,0,0,9117172
104522164524,0,0,0,9117513
104522164524,0,0,0,9120585
104522164524,0,0,0,9123487
104522164524,0,0,0,9120756
104522171680,0,0,0,9119049
104522171680,0,0,0,9118879
104522171680,0,0,0,9117855
104522171680,0,0,0,9122292
104522171680,0,0,0,9116831
104522178852,0,0,0,9121097
104522178852,0,0,0,9116148
104522178852,0,0,0,9127753
104522178852,0,0,0,9121439
104522178852,0,0,0,9120073
104522185877,0,0,0,9114100
104522185877,0,0,0,9123316
104522185877,0,0,0,9118879
104522185877,0,0,0,9123487
104522185877,0,0,0,9122804
104522193237,0,0,0,9123828
104522193237,0,0,0,9120415
104522193237,0,0,0,9121780
104522193237,0,0,0,9122804
104522193237,0,0,0,9122463
104522200001,0,0,0,9123657
104522200001,0,0,0,9121609
104522200001,0,0,0,9117684
104522200001,0,0,0,9121609
104522200001,0,0,0,9118367
104522207088,0,0,0,9120927
104522207088,0,0,0,9120927
104522207088,0,0,0,9121097
104522207088,0,0,0,9123316
104522207088,0,0,0,9125023
104522215453,0,0,0,9117513
104522215453,0,0,0,9118196
104522215453,0,0,0,9120244
104522215453,0,0,0,9121268
104522215453,0,0,0,9115124
104522221626,0,0,0,9120585
104522221626,0,0,0,9117172
104522221626,0,0,0,9116831
104522221626,0,0,0,9117513
104522221626,0,0,0,9123999
104522229183,0,0,0,9123145
104522229183,0,0,0,9116660
104522229183,0,0,0,9121609
104522229183,0,0,0,9120927
104522229183,0,0,0,9114271
104522235900,0,0,0,9124852
104522235900,0,0,0,9121609
104522235900,0,0,0,9119732
104522235900,0,0,0,9125193
104522235900,0,0,0,9127071
104522243045,0,0,0,9118708
104522243045,0,0,0,9118196
104522243045,0,0,0,9118025
104522243045,0,0,0,9118708
104522243045,0,0,0,9115636
104522250392,0,0,0,9115807
104522250392,0,0,0,9123999
104522250392,0,0,0,9117513
104522250392,0,0,0,9122463
104522250392,0,0,0,9123487
104522257740,0,0,0,9124681
104522257740,0,0,0,9121097
104522257740,0,0,0,9118537
104522257740,0,0,0,9119391
104522257740,0,0,0,9116489
104522264659,0,0,0,9124681
104522264659,0,0,0,9121268
104522264659,0,0,0,9121097
104522264659,0,0,0,9123999
104522264659,0,0,0,9121609
104522271600,0,0,0,9121780
104522271600,0,0,0,9119561
104522271600,0,0,0,9114612
104522271600,0,0,0,9123999
104522271600,0,0,0,9118025
104522278993,0,0,0,9118708
104522278993,0,0,0,9116148
104522278993,0,0,0,9126217
104522278993,0,0,0,9117513
104522278993,0,0,0,9121951
104522286199,0,0,0,9124511
104522286199,0,0,0,9124511
104522286199,0,0,0,9119220
104522286199,0,0,0,9121780
104522286199,0,0,0,9116660
104522293072,0,0,0,9122463
104522293072,0,0,0,9119903
104522293072,0,0,0,9125705
104522293072,0,0,0,9119561
104522293072,0,0,0,9117001
104522300897,0,0,0,9125876
104522300897,0,0,0,9124511
104522300897,0,0,0,9122804
104522300897,0,0,0,9121609
104522300897,0,0,0,9121780
104522308222,0,0,0,9119220
104522308222,0,0,0,9117513
104522308222,0,0,0,9117684
104522308222,0,0,0,9119049
104522308222,0,0,0,9120244
104522314653,0,0,0,9126729
104522314653,0,0,0,9121097
104522314653,0,0,0,9117855
104522314653,0,0,0,9114953
104522314653,0,0,0,9128436
104522322251,0,0,0,9127241
104522322251,0,0,0,9120244
104522322251,0,0,0,9123657
104522322251,0,0,0,9120927
104522322251,0,0,0,9124511
104522329560,0,0,0,9116660
104522329560,0,0,0,9125023
104522329560,0,0,0,9118708
104522329560,0,0,0,9123487
104522329560,0,0,0,9120756
104522336132,0,0,0,9122804
104522336132,0,0,0,9118708
104522336132,0,0,0,9128095
104522336132,0,0,0,9123999
104522336132,0,0,0,9132191
104522343584,0,0,0,9123487
104522343584,0,0,0,9120927
104522343584,0,0,0,9123657
104522343584,0,0,0,9120244
104522343584,0,0,0,9121268
104522350470,0,0,0,9123316
104522350470,0,0,0,9124511
104522350470,0,0,0,9122292
104522350470,0,0,0,9122463
104522350470,0,0,0,9118537
104522357972,0,0,0,9121439
104522357972,0,0,0,9120756
104522357972,0,0,0,9121097
104522357972,0,0,0,9123316
104522357972,0,0,0,9116831
104522364975,0,0,0,9121951
104522364975,0,0,0,9122804
104522364975,0,0,0,9125876
104522364975,0,0,0,9122975
104522364975,0,0,0,9125364
104522372841,0,0,0,9125535
104522372841,0,0,0,9117684
104522372841,0,0,0,9120585
104522372841,0,0,0,9113759
104522372841,0,0,0,9119732
104522379085,0,0,0,9126559
104522379085,0,0,0,9121780
104522379085,0,0,0,9117855
104522379085,0,0,0,9125705
104522379085,0,0,0,9119561
