timestamp
211627980362
211628031391
211628082656
211628132877
211628183092
211628233344
211628283668
211628333997
211628384206
211628434517
211628484739
211628534955
211628585174
211628635400
211628685719
211628736000
211628786310
211628836686
211628887250
211628937582
211628987860
211629038888
211629089368
211629140015
211629190398
211629240764
211629291539
211629341901
211629393093
211629443534
211629493887
211629544292
211629594655
211629644966
211629695254
211629745568
211629795846
211629846315
211629896689
211629947117
211629997479
211630047854
211630098212
211630148569
211630199010
211630249303
211630299594
211630350097
211630400617
211630450988
211630501384
211630551955
211630602573
211630652884
211630703290
211630753940
211630804530
211630856053
211630906405
211630956622
211631006873
211631057117
211631107353
211631157700
211631208111
211631258492
211631308745
211631358994
211631409249
211631459520
211631509759
211631559971
211631610329
211631660674
211631711070
211631761396
211631811778
211631862271
211631912590
211631963246
211632013652
211632064084
211632114668
211632165027
211632215451
211632265794
211632316083
211632366396
211632416805
211632467344
211632517864
211632568240
211632618614
211632669130
211632719539
211632769831
211632820179
211632870460
211632920733
211632971096
211633021670
211633072072
211633122368
211633172676
211633222983
211633273435
211633323771
211633374071
211633424338
211633474784
211633525261
211633575698
211633626347
211633676826
211633727145
211633777544
211633827912
211633878298
211633928690
211633979157
211634029535
211634081368
211634131966
211634182330
211634233404
211634283966
211634334269
211634384566
211634435027
211634485417
211634535762
211634586359
211634636849
211634687967
211634738361
211634788885
211634839224
211634889806
211634994356
211635044673
211635095034
211635145286
211635195557
211635245876
211635296236
211635346796
211635397283
211635447783
211635498445
211635548766
211635599007
211635649288
211635699541
211635749803
211635800058
211635850297
211635900514
211635950765
211636001012
211636051253
211636101807
211636152119
211636202388
211636252751
211636303043
211636353422
211636403686
211636453954
211636504233
211636554521
211636604815
211636655586
211636705910
211636756440
211636807111
211636857470
211636908097
211636958403
211637008696
211637058978
211637109254
211637159535
211637209809
211637260368
211637310950
211637361370
211637411701
211637461978
211637512283
211637562821
211637613119
211637663399
211637713710
211637765082
211637815386
211637865672
211637915982
211637966613
