timestamp,adc_ch0,adc_ch1,adc_ch2,adc_ch3
164757597613,0,0,0,12780643
164757597613,0,0,0,12779960
164757597613,0,0,0,12781667
164757597613,0,0,0,12784910
164757597613,0,0,0,12789005
164757622917,0,0,0,12783544
164757622917,0,0,0,12783715
164757622917,0,0,0,12781496
164757622917,0,0,0,12784568
164757622917,0,0,0,12783374
164757628738,0,0,0,12782691
164757628738,0,0,0,12774670
164757628738,0,0,0,12781155
164757628738,0,0,0,12789859
164757628738,0,0,0,12787128
164757635378,0,0,0,12785763
164757635378,0,0,0,12791224
164757635378,0,0,0,12783886
164757635378,0,0,0,12790541
164757635378,0,0,0,12793101
164757642087,0,0,0,12788835
164757642087,0,0,0,12793955
164757642087,0,0,0,12787299
164757642087,0,0,0,12791565
164757642087,0,0,0,12793443
164757649284,0,0,0,12793272
164757649284,0,0,0,12788152
164757649284,0,0,0,12795320
164757649284,0,0,0,12786957
164757649284,0,0,0,12786957
164757655768,0,0,0,12792419
164757655768,0,0,0,12795491
164757655768,0,0,0,12786446
164757655768,0,0,0,12799587
164757655768,0,0,0,12790712
164757663356,0,0,0,12790883
164757663356,0,0,0,12796003
164757663356,0,0,0,12803171
164757663356,0,0,0,12790883
164757663356,0,0,0,12786275
164757670558,0,0,0,12802829
164757670558,0,0,0,12797368
164757670558,0,0,0,12795320
164757670558,0,0,0,12791736
164757670558,0,0,0,12802829
164757677686,0,0,0,12795661
164757677686,0,0,0,12799757
164757677686,0,0,0,12793443
164757677686,0,0,0,12791053
164757677686,0,0,0,12792589
164757684623,0,0,0,12798904
164757684623,0,0,0,12801635
164757684623,0,0,0,12803341
164757684623,0,0,0,12797880
164757684623,0,0,0,12802317
164757692344,0,0,0,12803171
164757692344,0,0,0,12798563
164757692344,0,0,0,12797027
164757692344,0,0,0,12805389
164757692344,0,0,0,12801123
164757698868,0,0,0,12803171
164757698868,0,0,0,12808973
164757698868,0,0,0,12808461
164757698868,0,0,0,12805048
164757698868,0,0,0,12804877
164757706025,0,0,0,12801635
164757706025,0,0,0,12807096
164757706025,0,0,0,12815629
164757706025,0,0,0,12804024
164757706025,0,0,0,12811533
164757713687,0,0,0,12814093
164757713687,0,0,0,12812898
164757713687,0,0,0,12809826
164757713687,0,0,0,12805048
164757713687,0,0,0,12808120
164757720859,0,0,0,12807949
164757720859,0,0,0,12809826
164757720859,0,0,0,12809997
164757720859,0,0,0,12812898
164757720859,0,0,0,12815117
164757727322,0,0,0,12811192
164757727322,0,0,0,12816994
164757727322,0,0,0,12812216
164757727322,0,0,0,12819042
164757727322,0,0,0,12814946
164757734527,0,0,0,12808632
164757734527,0,0,0,12814093
164757734527,0,0,0,12817165
164757734527,0,0,0,12808973
164757734527,0,0,0,12810168
164757740145,0,0,0,12812557
164757740145,0,0,0,12817336
164757740145,0,0,0,12819725
164757740145,0,0,0,12815800
164757740145,0,0,0,12814946
164757747323,0,0,0,12809656
164757747323,0,0,0,12809997
164757747323,0,0,0,12819896
164757747323,0,0,0,12814264
164757747323,0,0,0,12824674
164757754710,0,0,0,12816994
164757754710,0,0,0,12818189
164757754710,0,0,0,12819042
164757754710,0,0,0,12817336
164757754710,0,0,0,12815117
164757762132,0,0,0,12819896
164757762132,0,0,0,12807096
164757762132,0,0,0,12815117
164757762132,0,0,0,12818872
164757762132,0,0,0,12814434
164757769094,0,0,0,12824333
164757769094,0,0,0,12813581
164757769094,0,0,0,12822114
164757769094,0,0,0,12807949
164757769094,0,0,0,12820920
164757776124,0,0,0,12821602
164757776124,0,0,0,12821090
164757776124,0,0,0,12813752
164757776124,0,0,0,12825357
164757776124,0,0,0,12814434
164757783715,0,0,0,12819384
164757783715,0,0,0,12823480
164757783715,0,0,0,12822456
164757783715,0,0,0,12816653
164757783715,0,0,0,12825869
164757790484,0,0,0,12816482
164757790484,0,0,0,12822456
164757790484,0,0,0,12815970
164757790484,0,0,0,12821944
164757790484,0,0,0,12819384
164757797590,0,0,0,12821432
164757797590,0,0,0,12819896
164757797590,0,0,0,12821944
164757797590,0,0,0,12823138
164757797590,0,0,0,12825016
164757804598,0,0,0,12825016
164757804598,0,0,0,12821432
164757804598,0,0,0,12823309
164757804598,0,0,0,12822285
164757804598,0,0,0,12821261
164757812188,0,0,0,12825186
164757812188,0,0,0,12828429
164757812188,0,0,0,12825016
164757812188,0,0,0,12823821
164757812188,0,0,0,12823309
164757818982,0,0,0,12826381
164757818982,0,0,0,12823650
164757818982,0,0,0,12829794
164757818982,0,0,0,12828599
164757818982,0,0,0,12827576
164757826228,0,0,0,12821602
164757826228,0,0,0,12833549
164757826228,0,0,0,12832013
164757826228,0,0,0,12832183
164757826228,0,0,0,12822797
164757833777,0,0,0,12831671
164757833777,0,0,0,12827064
164757833777,0,0,0,12826722
164757833777,0,0,0,12829282
164757833777,0,0,0,12829965
164757840567,0,0,0,12828087
164757840567,0,0,0,12828770
164757840567,0,0,0,12827917
164757840567,0,0,0,12824333
164757840567,0,0,0,12832183
164757847765,0,0,0,12832013
164757847765,0,0,0,12824333
164757847765,0,0,0,12834914
164757847765,0,0,0,12834061
164757847765,0,0,0,12831501
164757855082,0,0,0,12832695
164757855082,0,0,0,12838327
164757855082,0,0,0,12832013
164757855082,0,0,0,12821261
164757855082,0,0,0,12834743
164757861872,0,0,0,12829623
164757861872,0,0,0,12829965
164757861872,0,0,0,12829965
164757861872,0,0,0,12833890
164757861872,0,0,0,12825016
164757869177,0,0,0,12835255
164757869177,0,0,0,12831159
164757869177,0,0,0,12825698
164757869177,0,0,0,12839181
164757869177,0,0,0,12835085
164757876212,0,0,0,12833719
164757876212,0,0,0,12833207
164757876212,0,0,0,12833037
164757876212,0,0,0,12833719
164757876212,0,0,0,12837815
164757883321,0,0,0,12830477
164757883321,0,0,0,12829282
164757883321,0,0,0,12831330
164757883321,0,0,0,12827746
164757883321,0,0,0,12832354
164757890875,0,0,0,12825186
164757890875,0,0,0,12834914
164757890875,0,0,0,12827405
164757890875,0,0,0,12839693
164757890875,0,0,0,12830306
164757897665,0,0,0,12832013
164757897665,0,0,0,12834743
164757897665,0,0,0,12841911
164757897665,0,0,0,12834573
164757897665,0,0,0,12835255
164757905093,0,0,0,12830306
164757905093,0,0,0,12832866
164757905093,0,0,0,12829111
164757905093,0,0,0,12833719
164757905093,0,0,0,12835255
164757912521,0,0,0,12826210
164757912521,0,0,0,12834231
164757912521,0,0,0,12836791
164757912521,0,0,0,12836791
164757912521,0,0,0,12836279
164757919109,0,0,0,12840375
164757919109,0,0,0,12840034
164757919109,0,0,0,12835085
164757919109,0,0,0,12831159
164757919109,0,0,0,12834743
164757926315,0,0,0,12835255
164757926315,0,0,0,12835255
164757926315,0,0,0,12843447
164757926315,0,0,0,12838498
164757926315,0,0,0,12839351
164757933430,0,0,0,12834743
164757933430,0,0,0,12833890
164757933430,0,0,0,12832695
164757933430,0,0,0,12835426
164757933430,0,0,0,12833890
164757941010,0,0,0,12836450
164757941010,0,0,0,12838669
164757941010,0,0,0,12828258
164757941010,0,0,0,12834231
164757941010,0,0,0,12833378
164757947717,0,0,0,12832013
164757947717,0,0,0,12835597
164757947717,0,0,0,12834914
164757947717,0,0,0,12835085
164757947717,0,0,0,12836450
164757955428,0,0,0,12832866
164757955428,0,0,0,12827576
164757955428,0,0,0,12838327
164757955428,0,0,0,12838157
164757955428,0,0,0,12831330
164757962265,0,0,0,12836450
164757962265,0,0,0,12837474
164757962265,0,0,0,12838669
164757962265,0,0,0,12833207
164757962265,0,0,0,12840205
164757969531,0,0,0,12834573
164757969531,0,0,0,12832695
164757969531,0,0,0,12828770
164757969531,0,0,0,12833890
164757969531,0,0,0,12841058
164757976376,0,0,0,12835426
164757976376,0,0,0,12830647
164757976376,0,0,0,12837133
164757976376,0,0,0,12832525
164757976376,0,0,0,12830818
164757983700,0,0,0,12827064
164757983700,0,0,0,12830306
164757983700,0,0,0,12835597
164757983700,0,0,0,12827234
164757983700,0,0,0,12830647
164757990856,0,0,0,12837133
164757990856,0,0,0,12836962
164757990856,0,0,0,12834231
164757990856,0,0,0,12831501
164757990856,0,0,0,12832013
164757998242,0,0,0,12834061
164757998242,0,0,0,12841229
164757998242,0,0,0,12836621
164757998242,0,0,0,12830818
164757998242,0,0,0,12836109
164758005343,0,0,0,12825357
164758005343,0,0,0,12827917
164758005343,0,0,0,12837303
164758005343,0,0,0,12839351
164758005343,0,0,0,12829965
164758012700,0,0,0,12827405
164758012700,0,0,0,12835085
164758012700,0,0,0,12835597
164758012700,0,0,0,12823650
164758012700,0,0,0,12826381
164758019727,0,0,0,12821090
164758019727,0,0,0,12833378
164758019727,0,0,0,12826381
164758019727,0,0,0,12829453
164758019727,0,0,0,12838498
164758026613,0,0,0,12833719
164758026613,0,0,0,12824333
164758026613,0,0,0,12833890
164758026613,0,0,0,12830306
164758026613,0,0,0,12835597
164758033879,0,0,0,12835426
164758033879,0,0,0,12829111
164758033879,0,0,0,12833378
164758033879,0,0,0,12820237
164758033879,0,0,0,12827064
164758041527,0,0,0,12824845
164758041527,0,0,0,12825186
164758041527,0,0,0,12832013
164758041527,0,0,0,12832866
164758041527,0,0,0,12833719
164758048096,0,0,0,12829623
164758048096,0,0,0,12828429
164758048096,0,0,0,12827746
164758048096,0,0,0,12828429
164758048096,0,0,0,12831501
164758055343,0,0,0,12824162
164758055343,0,0,0,12826893
164758055343,0,0,0,12830989
164758055343,0,0,0,12827576
164758055343,0,0,0,12829282
164758062560,0,0,0,12831671
164758062560,0,0,0,12824504
164758062560,0,0,0,12832525
164758062560,0,0,0,12822285
164758062560,0,0,0,12822456
164758069342,0,0,0,12830818
164758069342,0,0,0,12835085
164758069342,0,0,0,12823480
164758069342,0,0,0,12829965
164758069342,0,0,0,12828770
164758076689,0,0,0,12827917
164758076689,0,0,0,12833207
164758076689,0,0,0,12822626
164758076689,0,0,0,12826210
164758076689,0,0,0,12820066
164758084106,0,0,0,12831842
164758084106,0,0,0,12818872
164758084106,0,0,0,12823821
164758084106,0,0,0,12825869
164758084106,0,0,0,12827405
164758091016,0,0,0,12827064
164758091016,0,0,0,12834061
164758091016,0,0,0,12826893
164758091016,0,0,0,12828770
164758091016,0,0,0,12821944
164758098246,0,0,0,12829794
164758098246,0,0,0,12828599
164758098246,0,0,0,12818018
164758098246,0,0,0,12823821
164758098246,0,0,0,12818701
164758105379,0,0,0,12827234
164758105379,0,0,0,12837303
164758105379,0,0,0,12821602
164758105379,0,0,0,12830477
164758105379,0,0,0,12828599
164758112366,0,0,0,12817336
164758112366,0,0,0,12828770
164758112366,0,0,0,12822456
164758112366,0,0,0,12815800
164758112366,0,0,0,12830306
164758119655,0,0,0,12828941
164758119655,0,0,0,12825357
164758119655,0,0,0,12824504
164758119655,0,0,0,12816653
164758119655,0,0,0,12823821
164758126613,0,0,0,12822626
164758126613,0,0,0,12832183
164758126613,0,0,0,12827064
164758126613,0,0,0,12818360
164758126613,0,0,0,12819213
164758133952,0,0,0,12826893
164758133952,0,0,0,12829623
164758133952,0,0,0,12827234
164758133952,0,0,0,12823138
164758133952,0,0,0,12822285
164758141003,0,0,0,12825528
164758141003,0,0,0,12820749
164758141003,0,0,0,12821944
164758141003,0,0,0,12813240
164758141003,0,0,0,12818360
164758148266,0,0,0,12816312
164758148266,0,0,0,12815458
164758148266,0,0,0,12816994
164758148266,0,0,0,12822797
164758148266,0,0,0,12818018
164758155534,0,0,0,12818360
164758155534,0,0,0,12814605
164758155534,0,0,0,12825016
164758155534,0,0,0,12821773
164758155534,0,0,0,12821090
164758162585,0,0,0,12813581
164758162585,0,0,0,12819042
164758162585,0,0,0,12828599
164758162585,0,0,0,12824845
164758162585,0,0,0,12824845
164758172581,0,0,0,12819384
164758172581,0,0,0,12823992
164758172581,0,0,0,12823821
164758172581,0,0,0,12821090
164758172581,0,0,0,12822456
164758176730,0,0,0,12825016
164758176730,0,0,0,12817336
164758176730,0,0,0,12815458
164758176730,0,0,0,12810168
164758176730,0,0,0,12818360
164758184146,0,0,0,12822968
164758184146,0,0,0,12818701
164758184146,0,0,0,12812045
164758184146,0,0,0,12819384
164758184146,0,0,0,12815117
164758191043,0,0,0,12815800
164758191043,0,0,0,12818701
164758191043,0,0,0,12825869
164758191043,0,0,0,12820066
164758191043,0,0,0,12816141
164758198141,0,0,0,12817336
164758198141,0,0,0,12822456
164758198141,0,0,0,12821090
164758198141,0,0,0,12822456
164758198141,0,0,0,12808290
164758205487,0,0,0,12820920
164758205487,0,0,0,12826040
164758205487,0,0,0,12830818
164758205487,0,0,0,12819042
164758205487,0,0,0,12819213
164758212649,0,0,0,12816994
164758212649,0,0,0,12817848
164758212649,0,0,0,12811021
164758212649,0,0,0,12823821
164758212649,0,0,0,12815458
164758219743,0,0,0,12820408
164758219743,0,0,0,12825357
164758219743,0,0,0,12826381
164758219743,0,0,0,12819896
164758219743,0,0,0,12817848
164758226874,0,0,0,12817677
164758226874,0,0,0,12816141
164758226874,0,0,0,12818189
164758226874,0,0,0,12818872
164758226874,0,0,0,12816653
164758234729,0,0,0,12821944
164758234729,0,0,0,12815970
164758234729,0,0,0,12819725
164758234729,0,0,0,12811021
164758234729,0,0,0,12813410
164758241303,0,0,0,12816994
164758241303,0,0,0,12811533
164758241303,0,0,0,12818872
164758241303,0,0,0,12819384
164758241303,0,0,0,12817677
164758248549,0,0,0,12822456
164758248549,0,0,0,12818018
164758248549,0,0,0,12815117
164758248549,0,0,0,12819725
164758248549,0,0,0,12820408
164758255420,0,0,0,12822968
164758255420,0,0,0,12820749
164758255420,0,0,0,12819554
164758255420,0,0,0,12822968
164758255420,0,0,0,12816994
164758262940,0,0,0,12819384
164758262940,0,0,0,12821773
164758262940,0,0,0,12814434
164758262940,0,0,0,12817848
164758262940,0,0,0,12819725
164758270404,0,0,0,12814093
164758270404,0,0,0,12822797
164758270404,0,0,0,12818701
164758270404,0,0,0,12812898
164758270404,0,0,0,12822626
164758277246,0,0,0,12822285
164758277246,0,0,0,12822626
164758277246,0,0,0,12822456
164758277246,0,0,0,12821773
164758277246,0,0,0,12820749
164758285133,0,0,0,12819384
164758285133,0,0,0,12821944
164758285133,0,0,0,12821602
164758285133,0,0,0,12812386
164758285133,0,0,0,12814093
164758291162,0,0,0,12816312
164758291162,0,0,0,12823650
164758291162,0,0,0,12818018
164758291162,0,0,0,12815800
164758291162,0,0,0,12822797
164758298630,0,0,0,12818530
164758298630,0,0,0,12819213
164758298630,0,0,0,12818360
164758298630,0,0,0,12817336
164758298630,0,0,0,12815117
164758305752,0,0,0,12818018
164758305752,0,0,0,12814093
164758305752,0,0,0,12812728
164758305752,0,0,0,12815629
164758305752,0,0,0,12812557
164758312646,0,0,0,12821090
164758312646,0,0,0,12818701
164758312646,0,0,0,12815800
164758312646,0,0,0,12815288
164758312646,0,0,0,12810850
164758319829,0,0,0,12811704
164758319829,0,0,0,12822456
164758319829,0,0,0,12817165
164758319829,0,0,0,12815288
164758319829,0,0,0,12810680
164758326960,0,0,0,12819042
164758326960,0,0,0,12816141
164758326960,0,0,0,12810509
164758326960,0,0,0,12804707
164758326960,0,0,0,12812557
164758334131,0,0,0,12799416
164758334131,0,0,0,12806584
164758334131,0,0,0,12818701
164758334131,0,0,0,12805048
164758334131,0,0,0,12812216
164758341619,0,0,0,12814946
164758341619,0,0,0,12812557
164758341619,0,0,0,12813240
164758341619,0,0,0,12809314
164758341619,0,0,0,12811021
164758348481,0,0,0,12803341
164758348481,0,0,0,12809485
164758348481,0,0,0,12808802
164758348481,0,0,0,12800440
164758348481,0,0,0,12812386
164758355732,0,0,0,12809997
164758355732,0,0,0,12811874
164758355732,0,0,0,12813752
164758355732,0,0,0,12796173
164758355732,0,0,0,12801293
164758363011,0,0,0,12803341
164758363011,0,0,0,12804536
164758363011,0,0,0,12802659
164758363011,0,0,0,12806925
164758363011,0,0,0,12799757
164758369942,0,0,0,12800099
164758369942,0,0,0,12798392
164758369942,0,0,0,12803171
164758369942,0,0,0,12798904
164758369942,0,0,0,12805219
164758377062,0,0,0,12806243
164758377062,0,0,0,12804877
164758377062,0,0,0,12802659
164758377062,0,0,0,12800099
164758377062,0,0,0,12799075
164758384286,0,0,0,12800611
164758384286,0,0,0,12808461
164758384286,0,0,0,12797368
164758384286,0,0,0,12798392
164758384286,0,0,0,12794979
164758391412,0,0,0,12794125
164758391412,0,0,0,12796685
164758391412,0,0,0,12799416
164758391412,0,0,0,12802488
164758391412,0,0,0,12795149
164758398450,0,0,0,12797880
164758398450,0,0,0,12797368
164758398450,0,0,0,12790883
164758398450,0,0,0,12799245
164758398450,0,0,0,12799245
164758405523,0,0,0,12794808
164758405523,0,0,0,12791395
164758405523,0,0,0,12785763
164758405523,0,0,0,12789859
164758405523,0,0,0,12790371
164758412938,0,0,0,12792589
164758412938,0,0,0,12793272
164758412938,0,0,0,12797709
164758412938,0,0,0,12788835
164758412938,0,0,0,12798051
164758420558,0,0,0,12802147
164758420558,0,0,0,12787640
164758420558,0,0,0,12796003
164758420558,0,0,0,12800611
164758420558,0,0,0,12793272
164758427210,0,0,0,12793443
164758427210,0,0,0,12796173
164758427210,0,0,0,12795320
164758427210,0,0,0,12792589
164758427210,0,0,0,12797880
164758434408,0,0,0,12789005
164758434408,0,0,0,12794637
164758434408,0,0,0,12787811
164758434408,0,0,0,12801464
164758434408,0,0,0,12793101
164758442405,0,0,0,12797197
164758442405,0,0,0,12796344
164758442405,0,0,0,12784227
164758442405,0,0,0,12785592
164758442405,0,0,0,12790712
164758449276,0,0,0,12785251
164758449276,0,0,0,12789517
164758449276,0,0,0,12783715
164758449276,0,0,0,12787640
164758449276,0,0,0,12789176
164758456611,0,0,0,12786957
164758456611,0,0,0,12790541
164758456611,0,0,0,12793101
164758456611,0,0,0,12791565
164758456611,0,0,0,12794467
164758463926,0,0,0,12790200
164758463926,0,0,0,12787299
164758463926,0,0,0,12794296
164758463926,0,0,0,12797197
164758463926,0,0,0,12798051
164758470961,0,0,0,12792419
164758470961,0,0,0,12792931
164758470961,0,0,0,12792077
164758470961,0,0,0,12787128
164758470961,0,0,0,12791565
164758478325,0,0,0,12793784
164758478325,0,0,0,12796003
164758478325,0,0,0,12790029
164758478325,0,0,0,12788152
164758478325,0,0,0,12794125
164758485487,0,0,0,12802488
164758485487,0,0,0,12794296
164758485487,0,0,0,12798563
164758485487,0,0,0,12788152
164758485487,0,0,0,12791907
164758492076,0,0,0,12791395
164758492076,0,0,0,12805901
164758492076,0,0,0,12794125
164758492076,0,0,0,12801635
164758492076,0,0,0,12789347
164758499436,0,0,0,12790029
164758499436,0,0,0,12792760
164758499436,0,0,0,12800611
164758499436,0,0,0,12789517
164758499436,0,0,0,12790200
164758506754,0,0,0,12787640
164758506754,0,0,0,12795832
164758506754,0,0,0,12790200
164758506754,0,0,0,12789005
164758506754,0,0,0,12792931
164758513858,0,0,0,12791907
164758513858,0,0,0,12790029
164758513858,0,0,0,12795661
164758513858,0,0,0,12784739
164758513858,0,0,0,12792077
164758520955,0,0,0,12783886
164758520955,0,0,0,12785080
164758520955,0,0,0,12782520
164758520955,0,0,0,12792077
164758520955,0,0,0,12786616
164758527845,0,0,0,12783715
164758527845,0,0,0,12799075
164758527845,0,0,0,12787811
164758527845,0,0,0,12794125
164758527845,0,0,0,12789176
164758537798,0,0,0,12786446
164758537798,0,0,0,12782691
164758537798,0,0,0,12790712
164758537798,0,0,0,12789517
164758537798,0,0,0,12787299
164758543175,0,0,0,12782862
164758543175,0,0,0,12788152
164758543175,0,0,0,12784739
164758543175,0,0,0,12783715
164758543175,0,0,0,12781496
164758550322,0,0,0,12780984
164758550322,0,0,0,12788493
164758550322,0,0,0,12783203
164758550322,0,0,0,12778254
164758550322,0,0,0,12785080
164758556871,0,0,0,12780302
164758556871,0,0,0,12781155
164758556871,0,0,0,12778083
164758556871,0,0,0,12783715
164758556871,0,0,0,12783715
164758564674,0,0,0,12778083
164758564674,0,0,0,12783032
164758564674,0,0,0,12776035
164758564674,0,0,0,12782862
164758564674,0,0,0,12782008
164758572594,0,0,0,12780302
164758572594,0,0,0,12782691
164758572594,0,0,0,12783032
164758572594,0,0,0,12772622
164758572594,0,0,0,12772280
164758578557,0,0,0,12773304
164758578557,0,0,0,12777230
164758578557,0,0,0,12770744
164758578557,0,0,0,12772622
164758578557,0,0,0,12776035
164758586407,0,0,0,12773304
164758586407,0,0,0,12784227
164758586407,0,0,0,12776547
164758586407,0,0,0,12772622
164758586407,0,0,0,12775523
164758592681,0,0,0,12771256
164758592681,0,0,0,12772451
164758592681,0,0,0,12773646
164758592681,0,0,0,12780302
164758592681,0,0,0,12770744
164758600523,0,0,0,12763235
164758600523,0,0,0,12766819
164758600523,0,0,0,12768526
164758600523,0,0,0,12769550
164758600523,0,0,0,12770232
164758608538,0,0,0,12775182
164758608538,0,0,0,12766819
164758608538,0,0,0,12765454
164758608538,0,0,0,12767843
164758608538,0,0,0,12771768
164758615306,0,0,0,12765283
164758615306,0,0,0,12764771
164758615306,0,0,0,12767843
164758615306,0,0,0,12769038
164758615306,0,0,0,12769379
164758621908,0,0,0,12762553
164758621908,0,0,0,12765454
164758621908,0,0,0,12767672
164758621908,0,0,0,12766307
164758621908,0,0,0,12764430
164758628561,0,0,0,12759822
164758628561,0,0,0,12759822
164758628561,0,0,0,12765454
164758628561,0,0,0,12751459
164758628561,0,0,0,12769379
164758635728,0,0,0,12758457
164758635728,0,0,0,12758286
164758635728,0,0,0,12759139
164758635728,0,0,0,12755214
164758635728,0,0,0,12752654
164758641834,0,0,0,12761529
164758641834,0,0,0,12756409
164758641834,0,0,0,12755555
164758641834,0,0,0,12756067
164758641834,0,0,0,12756067
164758649231,0,0,0,12751118
164758649231,0,0,0,12754702
164758649231,0,0,0,12755726
164758649231,0,0,0,12754361
164758649231,0,0,0,12757603
164758656405,0,0,0,12755726
164758656405,0,0,0,12758798
164758656405,0,0,0,12752313
164758656405,0,0,0,12748046
164758656405,0,0,0,12757091
164758663504,0,0,0,12749070
164758663504,0,0,0,12744292
164758663504,0,0,0,12750435
164758663504,0,0,0,12746510
164758663504,0,0,0,12743268
164758670767,0,0,0,12748899
164758670767,0,0,0,12741220
164758670767,0,0,0,12745316
164758670767,0,0,0,12749070
164758670767,0,0,0,12748899
164758677729,0,0,0,12751459
164758677729,0,0,0,12748046
164758677729,0,0,0,12745486
164758677729,0,0,0,12746169
164758677729,0,0,0,12742585
164758685040,0,0,0,12747022
164758685040,0,0,0,12739001
164758685040,0,0,0,12748046
164758685040,0,0,0,12739342
164758685040,0,0,0,12742585
164758692294,0,0,0,12744633
164758692294,0,0,0,12738148
164758692294,0,0,0,12748046
164758692294,0,0,0,12741732
164758692294,0,0,0,12747534
164758699395,0,0,0,12739684
164758699395,0,0,0,12744633
164758699395,0,0,0,12747705
164758699395,0,0,0,12741220
164758699395,0,0,0,12739854
164758706367,0,0,0,12734734
164758706367,0,0,0,12742073
164758706367,0,0,0,12742414
164758706367,0,0,0,12737636
164758706367,0,0,0,12737124
164758713579,0,0,0,12741561
164758713579,0,0,0,12747534
164758713579,0,0,0,12734564
164758713579,0,0,0,12743268
164758713579,0,0,0,12740537
164758720958,0,0,0,12741732
164758720958,0,0,0,12739172
164758720958,0,0,0,12742244
164758720958,0,0,0,12738660
164758720958,0,0,0,12735076
164758727968,0,0,0,12740708
164758727968,0,0,0,12731492
164758727968,0,0,0,12734393
164758727968,0,0,0,12733198
164758727968,0,0,0,12734393
164758735148,0,0,0,12734052
164758735148,0,0,0,12740366
164758735148,0,0,0,12736100
164758735148,0,0,0,12736441
164758735148,0,0,0,12739342
164758743286,0,0,0,12730126
164758743286,0,0,0,12732857
164758743286,0,0,0,12735417
164758743286,0,0,0,12736953
164758743286,0,0,0,12732174
164758749366,0,0,0,12736270
164758749366,0,0,0,12729956
164758749366,0,0,0,12736612
164758749366,0,0,0,12732345
164758749366,0,0,0,12728078
164758756389,0,0,0,12737294
164758756389,0,0,0,12740878
164758756389,0,0,0,12732857
164758756389,0,0,0,12743097
164758756389,0,0,0,12732686
164758763998,0,0,0,12733540
164758763998,0,0,0,12732004
164758763998,0,0,0,12734052
164758763998,0,0,0,12732686
164758763998,0,0,0,12733881
164758770810,0,0,0,12731492
164758770810,0,0,0,12736100
164758770810,0,0,0,12736441
164758770810,0,0,0,12732004
164758770810,0,0,0,12735076
164758778050,0,0,0,12728761
164758778050,0,0,0,12740196
164758778050,0,0,0,12733028
164758778050,0,0,0,12730809
164758778050,0,0,0,12725689
164758785222,0,0,0,12740196
164758785222,0,0,0,12734734
164758785222,0,0,0,12732857
164758785222,0,0,0,12726542
164758785222,0,0,0,12728590
164758792579,0,0,0,12738660
164758792579,0,0,0,12728761
164758792579,0,0,0,12724836
164758792579,0,0,0,12735246
164758792579,0,0,0,12732004
164758799278,0,0,0,12730638
164758799278,0,0,0,12728932
164758799278,0,0,0,12734052
164758799278,0,0,0,12733369
164758799278,0,0,0,12737124
164758806920,0,0,0,12727225
164758806920,0,0,0,12733198
164758806920,0,0,0,12727054
164758806920,0,0,0,12730297
164758806920,0,0,0,12730468
164758813875,0,0,0,12734222
164758813875,0,0,0,12732516
164758813875,0,0,0,12732516
164758813875,0,0,0,12734734
164758813875,0,0,0,12726201
164758821280,0,0,0,12730638
164758821280,0,0,0,12722105
164758821280,0,0,0,12720228
164758821280,0,0,0,12722447
164758821280,0,0,0,12724324
164758828214,0,0,0,12733540
164758828214,0,0,0,12732857
164758828214,0,0,0,12726372
164758828214,0,0,0,12728761
164758828214,0,0,0,12726884
164758835336,0,0,0,12728761
164758835336,0,0,0,12724836
164758835336,0,0,0,12719887
164758835336,0,0,0,12729614
164758835336,0,0,0,12717327
164758842506,0,0,0,12726884
164758842506,0,0,0,12724324
164758842506,0,0,0,12731833
164758842506,0,0,0,12733881
164758842506,0,0,0,12720911
164758849535,0,0,0,12725348
164758849535,0,0,0,12716644
164758849535,0,0,0,12725348
164758849535,0,0,0,12715961
164758849535,0,0,0,12721081
164758856712,0,0,0,12723983
164758856712,0,0,0,12723300
164758856712,0,0,0,12722447
164758856712,0,0,0,12734905
164758856712,0,0,0,12720057
164758864509,0,0,0,12721935
164758864509,0,0,0,12723129
164758864509,0,0,0,12729273
164758864509,0,0,0,12720569
164758864509,0,0,0,12720057
164758870830,0,0,0,12721593
164758870830,0,0,0,12717668
164758870830,0,0,0,12721935
164758870830,0,0,0,12719716
164758870830,0,0,0,12716985
164758878018,0,0,0,12722788
164758878018,0,0,0,12715279
164758878018,0,0,0,12727054
164758878018,0,0,0,12725007
164758878018,0,0,0,12713401
164758885411,0,0,0,12724836
164758885411,0,0,0,12721593
164758885411,0,0,0,12719545
164758885411,0,0,0,12719887
164758885411,0,0,0,12713913
164758892806,0,0,0,12716303
164758892806,0,0,0,12717839
164758892806,0,0,0,12720228
164758892806,0,0,0,12718692
164758892806,0,0,0,12720569
164758899513,0,0,0,12713231
164758899513,0,0,0,12718863
164758899513,0,0,0,12714084
164758899513,0,0,0,12716985
164758899513,0,0,0,12712377
164758906856,0,0,0,12719204
164758906856,0,0,0,12718009
164758906856,0,0,0,12711353
164758906856,0,0,0,12719545
164758906856,0,0,0,12713060
164758914067,0,0,0,12719204
164758914067,0,0,0,12715108
164758914067,0,0,0,12715620
164758914067,0,0,0,12710159
164758914067,0,0,0,12713060
164758921110,0,0,0,12723641
164758921110,0,0,0,12715279
164758921110,0,0,0,12718351
164758921110,0,0,0,12723300
164758921110,0,0,0,12709135
164758928276,0,0,0,12722276
164758928276,0,0,0,12718351
164758928276,0,0,0,12713743
164758928276,0,0,0,12714767
164758928276,0,0,0,12713060
164758935580,0,0,0,12716303
164758935580,0,0,0,12713572
164758935580,0,0,0,12712036
164758935580,0,0,0,12713572
164758935580,0,0,0,12715108
164758942410,0,0,0,12708452
164758942410,0,0,0,12707257
164758942410,0,0,0,12711012
164758942410,0,0,0,12711524
164758942410,0,0,0,12711012
164758949539,0,0,0,12713401
164758949539,0,0,0,12712207
164758949539,0,0,0,12709988
164758949539,0,0,0,12709988
164758949539,0,0,0,12715279
164758956823,0,0,0,12710500
164758956823,0,0,0,12707769
164758956823,0,0,0,12709305
164758956823,0,0,0,12716303
164758956823,0,0,0,12708452
164758964252,0,0,0,12711524
164758964252,0,0,0,12712036
164758964252,0,0,0,12709135
164758964252,0,0,0,12708793
164758964252,0,0,0,12702650
164758971154,0,0,0,12707599
164758971154,0,0,0,12717156
164758971154,0,0,0,12711865
164758971154,0,0,0,12711353
164758971154,0,0,0,12706404
164758978875,0,0,0,12705380
164758978875,0,0,0,12714425
164758978875,0,0,0,12713913
164758978875,0,0,0,12709135
164758978875,0,0,0,12716132
164758985599,0,0,0,12714596
164758985599,0,0,0,12706233
164758985599,0,0,0,12716473
164758985599,0,0,0,12714937
164758985599,0,0,0,12712719
164758992767,0,0,0,12713913
164758992767,0,0,0,12704356
164758992767,0,0,0,12711012
164758992767,0,0,0,12708281
164758992767,0,0,0,12719033
164758999645,0,0,0,12718180
164758999645,0,0,0,12708964
164758999645,0,0,0,12712377
164758999645,0,0,0,12707599
164758999645,0,0,0,12714596
164759006973,0,0,0,12713060
164759006973,0,0,0,12716303
164759006973,0,0,0,12703162
164759006973,0,0,0,12706404
164759006973,0,0,0,12713743
164759013997,0,0,0,12708111
164759013997,0,0,0,12712889
164759013997,0,0,0,12709647
164759013997,0,0,0,12707599
164759013997,0,0,0,12715449
164759021401,0,0,0,12709988
164759021401,0,0,0,12720911
164759021401,0,0,0,12709817
164759021401,0,0,0,12719375
164759021401,0,0,0,12718692
164759028303,0,0,0,12719716
164759028303,0,0,0,12722276
164759028303,0,0,0,12712548
164759028303,0,0,0,12714255
164759028303,0,0,0,12720740
164759035732,0,0,0,12714425
164759035732,0,0,0,12720228
164759035732,0,0,0,12723471
164759035732,0,0,0,12723641
164759035732,0,0,0,12716303
164759042623,0,0,0,12721081
164759042623,0,0,0,12715961
164759042623,0,0,0,12721593
164759042623,0,0,0,12720399
164759042623,0,0,0,12722276
164759049902,0,0,0,12727737
164759049902,0,0,0,12721935
164759049902,0,0,0,12722276
164759049902,0,0,0,12729273
164759049902,0,0,0,12729614
164759056911,0,0,0,12724665
164759056911,0,0,0,12727396
164759056911,0,0,0,12728761
164759056911,0,0,0,12729273
164759056911,0,0,0,12729785
164759064090,0,0,0,12732004
164759064090,0,0,0,12731833
164759064090,0,0,0,12729102
164759064090,0,0,0,12730980
164759064090,0,0,0,12730468
164759071207,0,0,0,12733369
164759071207,0,0,0,12734052
164759071207,0,0,0,12730809
164759071207,0,0,0,12730638
164759071207,0,0,0,12737465
164759078332,0,0,0,12732004
164759078332,0,0,0,12740366
164759078332,0,0,0,12734393
164759078332,0,0,0,12736441
164759078332,0,0,0,12742585
164759085520,0,0,0,12730809
164759085520,0,0,0,12739684
164759085520,0,0,0,12739854
164759085520,0,0,0,12746851
164759085520,0,0,0,12744292
164759092619,0,0,0,12750777
164759092619,0,0,0,12739172
164759092619,0,0,0,12733881
164759092619,0,0,0,12748899
164759092619,0,0,0,12745998
164759100044,0,0,0,12747193
164759100044,0,0,0,12742244
164759100044,0,0,0,12746510
164759100044,0,0,0,12748899
164759100044,0,0,0,12750606
164759107953,0,0,0,12751289
164759107953,0,0,0,12755726
164759107953,0,0,0,12752654
164759107953,0,0,0,12744974
164759107953,0,0,0,12755555
164759114537,0,0,0,12750606
164759114537,0,0,0,12746169
164759114537,0,0,0,12750435
164759114537,0,0,0,12749411
164759114537,0,0,0,12748558
164759121658,0,0,0,12755214
164759121658,0,0,0,12763235
164759121658,0,0,0,12755897
164759121658,0,0,0,12759310
164759121658,0,0,0,12755214
164759128510,0,0,0,12752825
164759128510,0,0,0,12750265
164759128510,0,0,0,12751289
164759128510,0,0,0,12754019
164759128510,0,0,0,12753507
164759135558,0,0,0,12761699
164759135558,0,0,0,12760163
164759135558,0,0,0,12754190
164759135558,0,0,0,12759139
164759135558,0,0,0,12754873
164759142696,0,0,0,12762894
164759142696,0,0,0,12762041
164759142696,0,0,0,12765113
164759142696,0,0,0,12756579
164759142696,0,0,0,12760163
164759150042,0,0,0,12763406
164759150042,0,0,0,12759651
164759150042,0,0,0,12760163
164759150042,0,0,0,12773646
164759150042,0,0,0,12766990
164759157380,0,0,0,12764089
164759157380,0,0,0,12772280
164759157380,0,0,0,12765454
164759157380,0,0,0,12770744
164759157380,0,0,0,12769720
164759164380,0,0,0,12765795
164759164380,0,0,0,12767672
164759164380,0,0,0,12769379
164759164380,0,0,0,12779790
164759164380,0,0,0,12768526
164759171358,0,0,0,12769038
164759171358,0,0,0,12770574
164759171358,0,0,0,12772451
164759171358,0,0,0,12772622
164759171358,0,0,0,12772280
164759178720,0,0,0,12773475
164759178720,0,0,0,12774158
164759178720,0,0,0,12778083
164759178720,0,0,0,12769379
164759178720,0,0,0,12776206
164759185567,0,0,0,12774670
164759185567,0,0,0,12772622
164759185567,0,0,0,12776206
164759185567,0,0,0,12771086
164759185567,0,0,0,12777059
164759193051,0,0,0,12775182
164759193051,0,0,0,12775182
164759193051,0,0,0,12772792
164759193051,0,0,0,12780643
164759193051,0,0,0,12774840
164759200258,0,0,0,12776718
164759200258,0,0,0,12770232
164759200258,0,0,0,12773816
164759200258,0,0,0,12775011
164759200258,0,0,0,12770062
164759207569,0,0,0,12778936
164759207569,0,0,0,12771598
164759207569,0,0,0,12779448
164759207569,0,0,0,12774328
164759207569,0,0,0,12777400
164759214717,0,0,0,12773475
164759214717,0,0,0,12775011
164759214717,0,0,0,12775011
164759214717,0,0,0,12770403
164759214717,0,0,0,12781667
164759221683,0,0,0,12786616
164759221683,0,0,0,12773134
164759221683,0,0,0,12778424
164759221683,0,0,0,12776547
164759221683,0,0,0,12784568
164759229136,0,0,0,12778936
164759229136,0,0,0,12786957
164759229136,0,0,0,12782350
164759229136,0,0,0,12780814
164759229136,0,0,0,12785080
164759236000,0,0,0,12788323
164759236000,0,0,0,12786957
164759236000,0,0,0,12777912
164759236000,0,0,0,12781496
164759236000,0,0,0,12782862
164759242902,0,0,0,12790883
164759242902,0,0,0,12788493
164759242902,0,0,0,12795149
164759242902,0,0,0,12787640
164759242902,0,0,0,12782179
164759249993,0,0,0,12789517
164759249993,0,0,0,12793101
164759249993,0,0,0,12786787
164759249993,0,0,0,12798563
164759249993,0,0,0,12793101
164759257428,0,0,0,12798563
164759257428,0,0,0,12797027
164759257428,0,0,0,12800269
164759257428,0,0,0,12794467
164759257428,0,0,0,12804877
164759264464,0,0,0,12793272
164759264464,0,0,0,12805731
164759264464,0,0,0,12817677
164759264464,0,0,0,12807778
164759264464,0,0,0,12805901
164759271516,0,0,0,12800440
164759271516,0,0,0,12808973
164759271516,0,0,0,12803683
164759271516,0,0,0,12808120
164759271516,0,0,0,12800611
164759278630,0,0,0,12806584
164759278630,0,0,0,12813752
164759278630,0,0,0,12809144
164759278630,0,0,0,12809826
164759278630,0,0,0,12810168
164759286013,0,0,0,12807096
164759286013,0,0,0,12809144
164759286013,0,0,0,12812728
164759286013,0,0,0,12820578
164759286013,0,0,0,12812557
164759292918,0,0,0,12816653
164759292918,0,0,0,12814946
164759292918,0,0,0,12817848
164759292918,0,0,0,12807608
164759292918,0,0,0,12808120
164759300204,0,0,0,12812557
164759300204,0,0,0,12812216
164759300204,0,0,0,12813240
164759300204,0,0,0,12815970
164759300204,0,0,0,12814605
164759307211,0,0,0,12819213
164759307211,0,0,0,12818360
164759307211,0,0,0,12819213
164759307211,0,0,0,12814093
164759307211,0,0,0,12819213
164759314603,0,0,0,12815800
164759314603,0,0,0,12814093
164759314603,0,0,0,12826040
164759314603,0,0,0,12823650
164759314603,0,0,0,12820578
164759321788,0,0,0,12820578
164759321788,0,0,0,12823821
164759321788,0,0,0,12824674
164759321788,0,0,0,12818189
164759321788,0,0,0,12827576
164759329001,0,0,0,12825016
164759329001,0,0,0,12829623
164759329001,0,0,0,12819384
164759329001,0,0,0,12820066
164759329001,0,0,0,12830306
164759335841,0,0,0,12826552
164759335841,0,0,0,12832013
164759335841,0,0,0,12830135
164759335841,0,0,0,12831671
164759335841,0,0,0,12827746
164759343101,0,0,0,12832866
164759343101,0,0,0,12831159
164759343101,0,0,0,12835085
164759343101,0,0,0,12826893
164759343101,0,0,0,12826381
164759351230,0,0,0,12837133
164759351230,0,0,0,12834402
164759351230,0,0,0,12833890
164759351230,0,0,0,12838669
164759351230,0,0,0,12833207
164759364319,0,0,0,12840546
164759364319,0,0,0,12828941
164759364319,0,0,0,12838839
164759364319,0,0,0,12840717
164759364319,0,0,0,12836791
164759374143,0,0,0,12828599
164759374143,0,0,0,12834743
164759374143,0,0,0,12834231
164759374143,0,0,0,12832695
164759374143,0,0,0,12842253
164759381206,0,0,0,12840887
164759381206,0,0,0,12834743
164759381206,0,0,0,12844471
164759381206,0,0,0,12841741
164759381206,0,0,0,12833719
164759388010,0,0,0,12837815
164759388010,0,0,0,12842765
164759388010,0,0,0,12839863
164759388010,0,0,0,12839522
164759388010,0,0,0,12836621
164759395254,0,0,0,12843447
164759395254,0,0,0,12845325
164759395254,0,0,0,12839693
164759395254,0,0,0,12843277
164759395254,0,0,0,12844471
164759402719,0,0,0,12847202
164759402719,0,0,0,12842423
164759402719,0,0,0,12839351
164759402719,0,0,0,12847543
164759402719,0,0,0,12841741
164759409445,0,0,0,12837986
164759409445,0,0,0,12838839
164759409445,0,0,0,12842765
164759409445,0,0,0,12841570
164759409445,0,0,0,12841741
164759416977,0,0,0,12844813
164759416977,0,0,0,12849079
164759416977,0,0,0,12840887
164759416977,0,0,0,12843106
164759416977,0,0,0,12843447
164759424332,0,0,0,12844301
164759424332,0,0,0,12839693
164759424332,0,0,0,12842253
164759424332,0,0,0,12845154
164759424332,0,0,0,12843277
164759431485,0,0,0,12836621
164759431485,0,0,0,12847543
164759431485,0,0,0,12846178
164759431485,0,0,0,12836791
164759431485,0,0,0,12847373
164759438413,0,0,0,12837303
164759438413,0,0,0,12844813
164759438413,0,0,0,12846007
164759438413,0,0,0,12844471
164759438413,0,0,0,12838327
164759445610,0,0,0,12837986
164759445610,0,0,0,12838839
164759445610,0,0,0,12841570
164759445610,0,0,0,12839693
164759445610,0,0,0,12841058
164759452462,0,0,0,12846861
164759452462,0,0,0,12843106
164759452462,0,0,0,12840546
164759452462,0,0,0,12844471
164759452462,0,0,0,12839181
164759459704,0,0,0,12830818
164759459704,0,0,0,12842594
164759459704,0,0,0,12839010
164759459704,0,0,0,12843277
164759459704,0,0,0,12831842
164759467272,0,0,0,12835597
164759467272,0,0,0,12834402
164759467272,0,0,0,12838157
164759467272,0,0,0,12836279
164759467272,0,0,0,12846690
164759474159,0,0,0,12835938
164759474159,0,0,0,12837474
164759474159,0,0,0,12835938
164759474159,0,0,0,12832354
164759474159,0,0,0,12835085
164759481240,0,0,0,12839863
164759481240,0,0,0,12842423
164759481240,0,0,0,12841058
164759481240,0,0,0,12835938
164759481240,0,0,0,12841741
164759488774,0,0,0,12836109
164759488774,0,0,0,12832354
164759488774,0,0,0,12841399
164759488774,0,0,0,12844130
164759488774,0,0,0,12837645
164759495205,0,0,0,12844471
164759495205,0,0,0,12844130
164759495205,0,0,0,12832354
164759495205,0,0,0,12834061
164759495205,0,0,0,12843959
164759502925,0,0,0,12839181
164759502925,0,0,0,12838327
164759502925,0,0,0,12832866
164759502925,0,0,0,12845666
164759502925,0,0,0,12846349
164759509509,0,0,0,12834231
164759509509,0,0,0,12836450
164759509509,0,0,0,12836109
164759509509,0,0,0,12837986
164759509509,0,0,0,12844983
164759517077,0,0,0,12841911
164759517077,0,0,0,12842935
164759517077,0,0,0,12840546
164759517077,0,0,0,12838498
164759517077,0,0,0,12837986
164759524400,0,0,0,12840034
164759524400,0,0,0,12838498
164759524400,0,0,0,12842253
164759524400,0,0,0,12849591
164759524400,0,0,0,12841911
164759531110,0,0,0,12844301
164759531110,0,0,0,12839522
164759531110,0,0,0,12837474
164759531110,0,0,0,12836621
164759531110,0,0,0,12835426
164759538141,0,0,0,12832866
164759538141,0,0,0,12840887
164759538141,0,0,0,12844301
164759538141,0,0,0,12841229
164759538141,0,0,0,12844983
164759546635,0,0,0,12836621
164759546635,0,0,0,12848055
164759546635,0,0,0,12836621
164759546635,0,0,0,12838669
164759546635,0,0,0,12850786
164759552781,0,0,0,12839010
164759552781,0,0,0,12839693
164759552781,0,0,0,12843447
164759552781,0,0,0,12836450
164759552781,0,0,0,12839351
164759560192,0,0,0,12843447
164759560192,0,0,0,12835597
164759560192,0,0,0,12838839
164759560192,0,0,0,12837986
164759560192,0,0,0,12840034
164759567622,0,0,0,12838669
164759567622,0,0,0,12831159
164759567622,0,0,0,12833378
164759567622,0,0,0,12835767
164759567622,0,0,0,12838669
164759574498,0,0,0,12830477
164759574498,0,0,0,12835426
164759574498,0,0,0,12833037
164759574498,0,0,0,12835597
164759574498,0,0,0,12845325
164759582079,0,0,0,12837133
164759582079,0,0,0,12831159
164759582079,0,0,0,12833549
164759582079,0,0,0,12841911
164759582079,0,0,0,12836450
164759588899,0,0,0,12840546
164759588899,0,0,0,12841741
164759588899,0,0,0,12836450
164759588899,0,0,0,12838839
164759588899,0,0,0,12832354
164759595906,0,0,0,12833890
164759595906,0,0,0,12828941
164759595906,0,0,0,12831671
164759595906,0,0,0,12829453
164759595906,0,0,0,12833719
164759603060,0,0,0,12841058
164759603060,0,0,0,12827917
164759603060,0,0,0,12832866
164759603060,0,0,0,12832183
164759603060,0,0,0,12836791
164759610466,0,0,0,12831330
164759610466,0,0,0,12838498
164759610466,0,0,0,12829965
164759610466,0,0,0,12833890
164759610466,0,0,0,12835767
164759617758,0,0,0,12840546
164759617758,0,0,0,12836962
164759617758,0,0,0,12842253
164759617758,0,0,0,12836791
164759617758,0,0,0,12830135
164759624942,0,0,0,12827917
164759624942,0,0,0,12829623
164759624942,0,0,0,12832013
164759624942,0,0,0,12830818
164759624942,0,0,0,12835767
164759631785,0,0,0,12832866
164759631785,0,0,0,12827917
164759631785,0,0,0,12830647
164759631785,0,0,0,12831159
164759631785,0,0,0,12835426
164759638536,0,0,0,12836962
164759638536,0,0,0,12834914
164759638536,0,0,0,12832013
164759638536,0,0,0,12829111
164759638536,0,0,0,12831671
164759645981,0,0,0,12835085
164759645981,0,0,0,12833549
164759645981,0,0,0,12837815
164759645981,0,0,0,12831159
164759645981,0,0,0,12830989
164759653798,0,0,0,12826893
164759653798,0,0,0,12829111
164759653798,0,0,0,12826552
164759653798,0,0,0,12833207
164759653798,0,0,0,12827405
164759660031,0,0,0,12822114
164759660031,0,0,0,12824333
164759660031,0,0,0,12830989
164759660031,0,0,0,12829453
164759660031,0,0,0,12827405
164759667933,0,0,0,12827234
164759667933,0,0,0,12828429
164759667933,0,0,0,12826210
164759667933,0,0,0,12831501
164759667933,0,0,0,12828599
164759674768,0,0,0,12833549
164759674768,0,0,0,12828770
164759674768,0,0,0,12827064
164759674768,0,0,0,12829111
164759674768,0,0,0,12830989
164759681826,0,0,0,12829111
164759681826,0,0,0,12834231
164759681826,0,0,0,12827064
164759681826,0,0,0,12829111
164759681826,0,0,0,12828258
164759688602,0,0,0,12835085
164759688602,0,0,0,12821944
164759688602,0,0,0,12826893
164759688602,0,0,0,12824333
164759688602,0,0,0,12818872
164759695779,0,0,0,12829111
164759695779,0,0,0,12828599
164759695779,0,0,0,12835255
164759695779,0,0,0,12826722
164759695779,0,0,0,12821602
164759703081,0,0,0,12821773
164759703081,0,0,0,12826040
164759703081,0,0,0,12821432
164759703081,0,0,0,12828429
164759703081,0,0,0,12829111
164759710312,0,0,0,12829111
164759710312,0,0,0,12825869
164759710312,0,0,0,12829623
164759710312,0,0,0,12826210
164759710312,0,0,0,12819725
164759717230,0,0,0,12825186
164759717230,0,0,0,12825357
164759717230,0,0,0,12820749
164759717230,0,0,0,12823992
164759717230,0,0,0,12825869
164759724684,0,0,0,12822968
164759724684,0,0,0,12819213
164759724684,0,0,0,12833037
164759724684,0,0,0,12828087
164759724684,0,0,0,12819554
164759731849,0,0,0,12824674
164759731849,0,0,0,12819384
164759731849,0,0,0,12821090
164759731849,0,0,0,12823138
164759731849,0,0,0,12815629
164759739176,0,0,0,12819725
164759739176,0,0,0,12823821
164759739176,0,0,0,12819384
164759739176,0,0,0,12814946
164759739176,0,0,0,12816994
164759746449,0,0,0,12821090
164759746449,0,0,0,12818872
164759746449,0,0,0,12820920
164759746449,0,0,0,12819896
164759746449,0,0,0,12823138
164759753012,0,0,0,12816141
164759753012,0,0,0,12816824
164759753012,0,0,0,12825528
164759753012,0,0,0,12821602
164759753012,0,0,0,12819213
164759760487,0,0,0,12813410
164759760487,0,0,0,12818701
164759760487,0,0,0,12823138
164759760487,0,0,0,12816653
164759760487,0,0,0,12816994
164759768644,0,0,0,12808973
164759768644,0,0,0,12806755
164759768644,0,0,0,12813240
164759768644,0,0,0,12811021
164759768644,0,0,0,12811192
164759774805,0,0,0,12816653
164759774805,0,0,0,12805901
164759774805,0,0,0,12808802
164759774805,0,0,0,12804877
164759774805,0,0,0,12803512
164759781894,0,0,0,12810680
164759781894,0,0,0,12805901
164759781894,0,0,0,12802317
164759781894,0,0,0,12802147
164759781894,0,0,0,12808120
164759789113,0,0,0,12807778
164759789113,0,0,0,12805219
164759789113,0,0,0,12797709
164759789113,0,0,0,12802488
164759789113,0,0,0,12805560
164759796402,0,0,0,12803341
164759796402,0,0,0,12799587
164759796402,0,0,0,12796515
164759796402,0,0,0,12800781
164759796402,0,0,0,12795491
164759803154,0,0,0,12799587
164759803154,0,0,0,12800440
164759803154,0,0,0,12800440
164759803154,0,0,0,12803512
164759803154,0,0,0,12791736
164759810469,0,0,0,12801464
164759810469,0,0,0,12794296
164759810469,0,0,0,12791565
164759810469,0,0,0,12791224
164759810469,0,0,0,12796344
164759817837,0,0,0,12794637
164759817837,0,0,0,12794296
164759817837,0,0,0,12792760
164759817837,0,0,0,12794125
164759817837,0,0,0,12784739
164759824775,0,0,0,12786787
164759824775,0,0,0,12791565
164759824775,0,0,0,12792931
164759824775,0,0,0,12784568
164759824775,0,0,0,12786616
164759831700,0,0,0,12781667
164759831700,0,0,0,12792077
164759831700,0,0,0,12778083
164759831700,0,0,0,12787299
164759831700,0,0,0,12780131
164759839297,0,0,0,12783715
164759839297,0,0,0,12775694
164759839297,0,0,0,12780302
164759839297,0,0,0,12775694
164759839297,0,0,0,12784056
164759846375,0,0,0,12784056
164759846375,0,0,0,12776206
164759846375,0,0,0,12770915
164759846375,0,0,0,12775352
164759846375,0,0,0,12774840
164759853392,0,0,0,12770232
164759853392,0,0,0,12765113
164759853392,0,0,0,12759822
164759853392,0,0,0,12771939
164759853392,0,0,0,12761187
164759860662,0,0,0,12764771
164759860662,0,0,0,12763065
164759860662,0,0,0,12766478
164759860662,0,0,0,12759310
164759860662,0,0,0,12760505
164759867811,0,0,0,12758969
164759867811,0,0,0,12766307
164759867811,0,0,0,12756579
164759867811,0,0,0,12762894
164759867811,0,0,0,12760505
164759875078,0,0,0,12758969
164759875078,0,0,0,12760334
164759875078,0,0,0,12764089
164759875078,0,0,0,12755726
164759875078,0,0,0,12761699
164759881841,0,0,0,12755897
164759881841,0,0,0,12757603
164759881841,0,0,0,12760846
164759881841,0,0,0,12757262
164759881841,0,0,0,12748558
164759889090,0,0,0,12751971
164759889090,0,0,0,12755043
164759889090,0,0,0,12752483
164759889090,0,0,0,12756067
164759889090,0,0,0,12755385
164759896522,0,0,0,12749070
164759896522,0,0,0,12754361
164759896522,0,0,0,12753507
164759896522,0,0,0,12758457
164759896522,0,0,0,12749241
164759903660,0,0,0,12755555
164759903660,0,0,0,12761017
164759903660,0,0,0,12753849
164759903660,0,0,0,12756409
164759903660,0,0,0,12756067
164759910422,0,0,0,12754873
164759910422,0,0,0,12761699
164759910422,0,0,0,12760505
164759910422,0,0,0,12754361
164759910422,0,0,0,12755214
164759918403,0,0,0,12761187
164759918403,0,0,0,12762553
164759918403,0,0,0,12752995
164759918403,0,0,0,12759139
164759918403,0,0,0,12755385
164759925065,0,0,0,12757091
164759925065,0,0,0,12748729
164759925065,0,0,0,12753849
164759925065,0,0,0,12759481
164759925065,0,0,0,12761358
164759935201,0,0,0,12759651
164759935201,0,0,0,12761017
164759935201,0,0,0,12758286
164759935201,0,0,0,12759481
164759935201,0,0,0,12754361
164759939372,0,0,0,12762723
164759939372,0,0,0,12755043
164759939372,0,0,0,12758969
164759939372,0,0,0,12754873
164759939372,0,0,0,12754361
164759946334,0,0,0,12754873
164759946334,0,0,0,12757945
164759946334,0,0,0,12752825
164759946334,0,0,0,12750265
164759946334,0,0,0,12749923
164759953283,0,0,0,12736782
164759953283,0,0,0,12752142
164759953283,0,0,0,12746681
164759953283,0,0,0,12750435
164759953283,0,0,0,12744974
164759960423,0,0,0,12744121
164759960423,0,0,0,12743950
164759960423,0,0,0,12736441
164759960423,0,0,0,12744292
164759960423,0,0,0,12735076
164759967864,0,0,0,12736782
164759967864,0,0,0,12729273
164759967864,0,0,0,12735076
164759967864,0,0,0,12734734
164759967864,0,0,0,12726372
164759974769,0,0,0,12736100
164759974769,0,0,0,12733881
164759974769,0,0,0,12731321
164759974769,0,0,0,12727566
164759974769,0,0,0,12728590
164759982095,0,0,0,12737636
164759982095,0,0,0,12728249
164759982095,0,0,0,12728249
164759982095,0,0,0,12725860
164759982095,0,0,0,12732004
164759989022,0,0,0,12725860
164759989022,0,0,0,12724153
164759989022,0,0,0,12725348
164759989022,0,0,0,12724324
164759989022,0,0,0,12723641
164759996610,0,0,0,12725689
164759996610,0,0,0,12721935
164759996610,0,0,0,12727908
164759996610,0,0,0,12727908
164759996610,0,0,0,12734393
164800003451,0,0,0,12727737
164800003451,0,0,0,12725519
164800003451,0,0,0,12725860
164800003451,0,0,0,12733028
164800003451,0,0,0,12727054
164800010734,0,0,0,12729102
164800010734,0,0,0,12728761
164800010734,0,0,0,12729614
164800010734,0,0,0,12728078
164800010734,0,0,0,12725177
164800018048,0,0,0,12720911
164800018048,0,0,0,12727225
164800018048,0,0,0,12732345
164800018048,0,0,0,12724495
164800018048,0,0,0,12725689
164800025127,0,0,0,12720228
164800025127,0,0,0,12718351
164800025127,0,0,0,12724836
164800025127,0,0,0,12729102
164800025127,0,0,0,12721935
164800031990,0,0,0,12724153
164800031990,0,0,0,12725177
164800031990,0,0,0,12720057
164800031990,0,0,0,12719545
164800031990,0,0,0,12723471
164800039189,0,0,0,12714255
164800039189,0,0,0,12724836
164800039189,0,0,0,12722788
164800039189,0,0,0,12718692
164800039189,0,0,0,12716985
164800046764,0,0,0,12715279
164800046764,0,0,0,12718180
164800046764,0,0,0,12718521
164800046764,0,0,0,12725348
164800046764,0,0,0,12722105
164800053766,0,0,0,12726030
164800053766,0,0,0,12716473
164800053766,0,0,0,12714596
164800053766,0,0,0,12718692
164800053766,0,0,0,12723300
164800061166,0,0,0,12713231
164800061166,0,0,0,12721593
164800061166,0,0,0,12717327
164800061166,0,0,0,12724153
164800061166,0,0,0,12725860
164800068239,0,0,0,12720399
164800068239,0,0,0,12728590
164800068239,0,0,0,12718521
164800068239,0,0,0,12719716
164800068239,0,0,0,12722105
164800075010,0,0,0,12728761
164800075010,0,0,0,12722447
164800075010,0,0,0,12726030
164800075010,0,0,0,12728420
164800075010,0,0,0,12727396
164800082751,0,0,0,12719204
164800082751,0,0,0,12720740
164800082751,0,0,0,12729273
164800082751,0,0,0,12721081
164800082751,0,0,0,12726201
164800090315,0,0,0,12731492
164800090315,0,0,0,12725689
164800090315,0,0,0,12733198
164800090315,0,0,0,12721252
164800090315,0,0,0,12728420
164800096727,0,0,0,12729444
164800096727,0,0,0,12729444
164800096727,0,0,0,12721423
164800096727,0,0,0,12725519
164800096727,0,0,0,12724324
164800104185,0,0,0,12730126
164800104185,0,0,0,12726884
164800104185,0,0,0,12726372
164800104185,0,0,0,12733028
164800104185,0,0,0,12723129
164800111133,0,0,0,12724153
164800111133,0,0,0,12728761
164800111133,0,0,0,12727225
164800111133,0,0,0,12732686
164800111133,0,0,0,12722617
164800119622,0,0,0,12729273
164800119622,0,0,0,12728761
164800119622,0,0,0,12727225
164800119622,0,0,0,12730297
164800119622,0,0,0,12727737
164800126015,0,0,0,12732174
164800126015,0,0,0,12729102
164800126015,0,0,0,12722959
164800126015,0,0,0,12729785
164800126015,0,0,0,12722105
164800132791,0,0,0,12730809
164800132791,0,0,0,12729273
164800132791,0,0,0,12737124
164800132791,0,0,0,12729273
164800132791,0,0,0,12729102
164800139409,0,0,0,12727737
164800139409,0,0,0,12729956
164800139409,0,0,0,12731833
164800139409,0,0,0,12732857
164800139409,0,0,0,12730638
164800146489,0,0,0,12732174
164800146489,0,0,0,12734393
164800146489,0,0,0,12729956
164800146489,0,0,0,12733710
164800146489,0,0,0,12730809
164800153869,0,0,0,12730638
164800153869,0,0,0,12735929
164800153869,0,0,0,12734052
164800153869,0,0,0,12736100
164800153869,0,0,0,12739001
164800161622,0,0,0,12737294
164800161622,0,0,0,12729102
164800161622,0,0,0,12731833
164800161622,0,0,0,12733540
164800161622,0,0,0,12727566
164800168191,0,0,0,12730980
164800168191,0,0,0,12727566
164800168191,0,0,0,12728249
164800168191,0,0,0,12725348
164800168191,0,0,0,12734222
164800175453,0,0,0,12729102
164800175453,0,0,0,12724836
164800175453,0,0,0,12726201
164800175453,0,0,0,12729614
164800175453,0,0,0,12722788
164800182571,0,0,0,12728249
164800182571,0,0,0,12725007
164800182571,0,0,0,12728078
164800182571,0,0,0,12723471
164800182571,0,0,0,12721764
164800189407,0,0,0,12716644
164800189407,0,0,0,12716303
164800189407,0,0,0,12717497
164800189407,0,0,0,12718009
164800189407,0,0,0,12721764
164800196661,0,0,0,12725689
164800196661,0,0,0,12711524
164800196661,0,0,0,12708111
164800196661,0,0,0,12716132
164800196661,0,0,0,12712889
164800204043,0,0,0,12714937
164800204043,0,0,0,12712548
164800204043,0,0,0,12711353
164800204043,0,0,0,12709476
164800204043,0,0,0,12710500
164800210855,0,0,0,12704698
164800210855,0,0,0,12716303
164800210855,0,0,0,12718521
164800210855,0,0,0,12715961
164800210855,0,0,0,12714767
164800218123,0,0,0,12702991
164800218123,0,0,0,12709135
164800218123,0,0,0,12707599
164800218123,0,0,0,12715620
164800218123,0,0,0,12717327
164800225203,0,0,0,12715620
164800225203,0,0,0,12714937
164800225203,0,0,0,12711183
164800225203,0,0,0,12713913
164800225203,0,0,0,12717668
164800233297,0,0,0,12726030
164800233297,0,0,0,12718009
164800233297,0,0,0,12711353
164800233297,0,0,0,12704356
164800233297,0,0,0,12711353
164800239902,0,0,0,12717497
164800239902,0,0,0,12719545
164800239902,0,0,0,12718180
164800239902,0,0,0,12717156
164800239902,0,0,0,12711012
164800246763,0,0,0,12722276
164800246763,0,0,0,12712548
164800246763,0,0,0,12715449
164800246763,0,0,0,12708111
164800246763,0,0,0,12718180
164800254472,0,0,0,12711183
164800254472,0,0,0,12716815
164800254472,0,0,0,12716473
164800254472,0,0,0,12712207
164800254472,0,0,0,12718863
164800261080,0,0,0,12725689
164800261080,0,0,0,12727054
164800261080,0,0,0,12725860
164800261080,0,0,0,12720740
164800261080,0,0,0,12723300
164800268189,0,0,0,12727225
164800268189,0,0,0,12716473
164800268189,0,0,0,12720911
164800268189,0,0,0,12720569
164800268189,0,0,0,12719716
164800275270,0,0,0,12724495
164800275270,0,0,0,12720911
164800275270,0,0,0,12723641
164800275270,0,0,0,12714425
164800275270,0,0,0,12719887
164800282970,0,0,0,12720228
164800282970,0,0,0,12722788
164800282970,0,0,0,12717668
164800282970,0,0,0,12730468
164800282970,0,0,0,12726713
164800290225,0,0,0,12718009
164800290225,0,0,0,12716473
164800290225,0,0,0,12719033
164800290225,0,0,0,12720569
164800290225,0,0,0,12719375
164800298080,0,0,0,12720057
164800298080,0,0,0,12723300
164800298080,0,0,0,12720228
164800298080,0,0,0,12721764
164800298080,0,0,0,12725689
164800304302,0,0,0,12720228
164800304302,0,0,0,12723129
164800304302,0,0,0,12719033
164800304302,0,0,0,12721764
164800304302,0,0,0,12723471
164800311293,0,0,0,12721593
164800311293,0,0,0,12723471
164800311293,0,0,0,12725177
164800311293,0,0,0,12726713
164800311293,0,0,0,12724153
164800318258,0,0,0,12727054
164800318258,0,0,0,12720399
164800318258,0,0,0,12727737
164800318258,0,0,0,12731833
164800318258,0,0,0,12725177
164800326190,0,0,0,12722617
164800326190,0,0,0,12720569
164800326190,0,0,0,12728761
164800326190,0,0,0,12721081
164800326190,0,0,0,12725860
164800333531,0,0,0,12733540
164800333531,0,0,0,12726884
164800333531,0,0,0,12723129
164800333531,0,0,0,12733540
164800333531,0,0,0,12722447
164800340086,0,0,0,12730468
164800340086,0,0,0,12725519
164800340086,0,0,0,12724495
164800340086,0,0,0,12728761
164800340086,0,0,0,12721935
164800346765,0,0,0,12723300
164800346765,0,0,0,12730297
164800346765,0,0,0,12725348
164800346765,0,0,0,12724665
164800346765,0,0,0,12720399
164800354283,0,0,0,12727225
164800354283,0,0,0,12731833
164800354283,0,0,0,12724324
164800354283,0,0,0,12724665
164800354283,0,0,0,12727225
164800361046,0,0,0,12729614
164800361046,0,0,0,12729102
164800361046,0,0,0,12721423
164800361046,0,0,0,12724324
164800361046,0,0,0,12727225
164800368457,0,0,0,12725519
164800368457,0,0,0,12722617
164800368457,0,0,0,12726713
164800368457,0,0,0,12732516
164800368457,0,0,0,12735417
164800376169,0,0,0,12729273
164800376169,0,0,0,12724324
164800376169,0,0,0,12727054
164800376169,0,0,0,12731321
164800376169,0,0,0,12725860
164800382630,0,0,0,12730297
164800382630,0,0,0,12731321
164800382630,0,0,0,12729273
164800382630,0,0,0,12721935
164800382630,0,0,0,12730980
164800390114,0,0,0,12724324
164800390114,0,0,0,12730297
164800390114,0,0,0,12726030
164800390114,0,0,0,12728249
164800390114,0,0,0,12721081
164800397994,0,0,0,12725348
164800397994,0,0,0,12724665
164800397994,0,0,0,12726201
164800397994,0,0,0,12731833
164800397994,0,0,0,12730468
164800404111,0,0,0,12729785
164800404111,0,0,0,12726713
164800404111,0,0,0,12729444
164800404111,0,0,0,12722788
164800404111,0,0,0,12731833
164800411177,0,0,0,12720057
164800411177,0,0,0,12726713
164800411177,0,0,0,12717327
164800411177,0,0,0,12725007
164800411177,0,0,0,12723983
164800418350,0,0,0,12732345
164800418350,0,0,0,12725348
164800418350,0,0,0,12726542
164800418350,0,0,0,12727737
164800418350,0,0,0,12729273
164800425991,0,0,0,12737977
164800425991,0,0,0,12728932
164800425991,0,0,0,12734734
164800425991,0,0,0,12727908
164800425991,0,0,0,12726372
164800432939,0,0,0,12727566
164800432939,0,0,0,12730468
164800432939,0,0,0,12726030
164800432939,0,0,0,12730297
164800432939,0,0,0,12733881
164800440029,0,0,0,12731321
164800440029,0,0,0,12733710
164800440029,0,0,0,12726884
164800440029,0,0,0,12729444
164800440029,0,0,0,12739342
164800447416,0,0,0,12735758
164800447416,0,0,0,12734393
164800447416,0,0,0,12727225
164800447416,0,0,0,12731492
164800447416,0,0,0,12731662
164800454782,0,0,0,12732686
164800454782,0,0,0,12732686
164800454782,0,0,0,12732516
164800454782,0,0,0,12733028
164800454782,0,0,0,12726201
164800461359,0,0,0,12732516
164800461359,0,0,0,12731150
164800461359,0,0,0,12732174
164800461359,0,0,0,12722105
164800461359,0,0,0,12729785
164800468814,0,0,0,12726201
164800468814,0,0,0,12732004
164800468814,0,0,0,12732516
164800468814,0,0,0,12729444
164800468814,0,0,0,12734564
164800476721,0,0,0,12728249
164800476721,0,0,0,12733540
164800476721,0,0,0,12734052
164800476721,0,0,0,12739684
164800476721,0,0,0,12733710
164800483283,0,0,0,12732516
164800483283,0,0,0,12732004
164800483283,0,0,0,12733028
164800483283,0,0,0,12728420
164800483283,0,0,0,12732516
164800491242,0,0,0,12741902
164800491242,0,0,0,12739854
164800491242,0,0,0,12738830
164800491242,0,0,0,12732174
164800491242,0,0,0,12735758
164800498285,0,0,0,12733540
164800498285,0,0,0,12735417
164800498285,0,0,0,12732516
164800498285,0,0,0,12727908
164800498285,0,0,0,12727396
164800504805,0,0,0,12733881
164800504805,0,0,0,12730468
164800504805,0,0,0,12727054
164800504805,0,0,0,12730980
164800504805,0,0,0,12732686
164800512352,0,0,0,12728249
164800512352,0,0,0,12735588
164800512352,0,0,0,12733881
164800512352,0,0,0,12733540
164800512352,0,0,0,12725519
164800519850,0,0,0,12726372
164800519850,0,0,0,12733028
164800519850,0,0,0,12728761
164800519850,0,0,0,12726030
164800519850,0,0,0,12720228
164800526749,0,0,0,12725177
164800526749,0,0,0,12731833
164800526749,0,0,0,12726713
164800526749,0,0,0,12730809
164800526749,0,0,0,12729614
164800533765,0,0,0,12723812
164800533765,0,0,0,12724324
164800533765,0,0,0,12726201
164800533765,0,0,0,12727225
164800533765,0,0,0,12718863
164800541525,0,0,0,12731833
164800541525,0,0,0,12728761
164800541525,0,0,0,12723983
164800541525,0,0,0,12721423
164800541525,0,0,0,12721935
164800547987,0,0,0,12727396
164800547987,0,0,0,12725007
164800547987,0,0,0,12724153
164800547987,0,0,0,12713401
164800547987,0,0,0,12719204
164800554696,0,0,0,12721764
164800554696,0,0,0,12711183
164800554696,0,0,0,12720057
164800554696,0,0,0,12718692
164800554696,0,0,0,12714084
164800562259,0,0,0,12720399
164800562259,0,0,0,12709305
164800562259,0,0,0,12713913
164800562259,0,0,0,12719204
164800562259,0,0,0,12718009
164800569686,0,0,0,12718009
164800569686,0,0,0,12715620
164800569686,0,0,0,12726372
164800569686,0,0,0,12718521
164800569686,0,0,0,12709135
164800576724,0,0,0,12713913
164800576724,0,0,0,12721081
164800576724,0,0,0,12716473
164800576724,0,0,0,12717327
164800576724,0,0,0,12709647
164800583934,0,0,0,12716644
164800583934,0,0,0,12713401
164800583934,0,0,0,12714084
164800583934,0,0,0,12716815
164800583934,0,0,0,12713572
164800590443,0,0,0,12713572
164800590443,0,0,0,12716815
164800590443,0,0,0,12712207
164800590443,0,0,0,12717497
164800590443,0,0,0,12719033
164800597886,0,0,0,12710500
164800597886,0,0,0,12712548
164800597886,0,0,0,12704868
164800597886,0,0,0,12704356
164800597886,0,0,0,12714084
164800605239,0,0,0,12712889
164800605239,0,0,0,12707257
164800605239,0,0,0,12713913
164800605239,0,0,0,12707769
164800605239,0,0,0,12707087
164800612353,0,0,0,12710159
164800612353,0,0,0,12703844
164800612353,0,0,0,12712036
164800612353,0,0,0,12708281
164800612353,0,0,0,12714084
164800618932,0,0,0,12712889
164800618932,0,0,0,12714937
164800618932,0,0,0,12710329
164800618932,0,0,0,12709135
164800618932,0,0,0,12706916
164800626523,0,0,0,12714596
164800626523,0,0,0,12710159
164800626523,0,0,0,12710159
164800626523,0,0,0,12705551
164800626523,0,0,0,12707599
164800633851,0,0,0,12711353
164800633851,0,0,0,12702479
164800633851,0,0,0,12705892
164800633851,0,0,0,12711524
164800633851,0,0,0,12715279
164800640575,0,0,0,12709135
164800640575,0,0,0,12704868
164800640575,0,0,0,12713743
164800640575,0,0,0,12711865
164800640575,0,0,0,12704698
164800649552,0,0,0,12707428
164800649552,0,0,0,12703162
164800649552,0,0,0,12698554
164800649552,0,0,0,12703503
164800649552,0,0,0,12707940
164800654899,0,0,0,12708281
164800654899,0,0,0,12704015
164800654899,0,0,0,12706233
164800654899,0,0,0,12708111
164800654899,0,0,0,12707087
164800661999,0,0,0,12706575
164800661999,0,0,0,12708623
164800661999,0,0,0,12703844
164800661999,0,0,0,12707599
164800661999,0,0,0,12710329
164800669629,0,0,0,12703674
164800669629,0,0,0,12704868
164800669629,0,0,0,12707428
164800669629,0,0,0,12705892
164800669629,0,0,0,12706745
164800676872,0,0,0,12710329
164800676872,0,0,0,12707769
164800676872,0,0,0,12709988
164800676872,0,0,0,12713401
164800676872,0,0,0,12705380
164800684365,0,0,0,12707599
164800684365,0,0,0,12707940
164800684365,0,0,0,12705380
164800684365,0,0,0,12706575
164800684365,0,0,0,12708793
164800691222,0,0,0,12697871
164800691222,0,0,0,12697530
164800691222,0,0,0,12708281
164800691222,0,0,0,12707599
164800691222,0,0,0,12707769
164800698221,0,0,0,12702479
164800698221,0,0,0,12710841
164800698221,0,0,0,12705892
164800698221,0,0,0,12713572
164800698221,0,0,0,12703162
164800705575,0,0,0,12695652
164800705575,0,0,0,12707257
164800705575,0,0,0,12699407
164800705575,0,0,0,12708111
164800705575,0,0,0,12703674
164800712730,0,0,0,12709476
164800712730,0,0,0,12716985
164800712730,0,0,0,12702991
164800712730,0,0,0,12711183
164800712730,0,0,0,12713401
164800719637,0,0,0,12706233
164800719637,0,0,0,12705551
164800719637,0,0,0,12711695
164800719637,0,0,0,12709476
164800719637,0,0,0,12714255
164800726555,0,0,0,12714084
164800726555,0,0,0,12707087
164800726555,0,0,0,12714255
164800726555,0,0,0,12706575
164800726555,0,0,0,12701967
164800733998,0,0,0,12704527
164800733998,0,0,0,12709476
164800733998,0,0,0,12707769
164800733998,0,0,0,12707940
164800733998,0,0,0,12704868
164800740906,0,0,0,12710159
164800740906,0,0,0,12712377
164800740906,0,0,0,12713401
164800740906,0,0,0,12715961
164800740906,0,0,0,12715108
164800747860,0,0,0,12714255
164800747860,0,0,0,12714425
164800747860,0,0,0,12718009
164800747860,0,0,0,12717497
164800747860,0,0,0,12716815
164800755990,0,0,0,12725519
164800755990,0,0,0,12722617
164800755990,0,0,0,12724153
164800755990,0,0,0,12723983
164800755990,0,0,0,12715961
164800762151,0,0,0,12725177
164800762151,0,0,0,12730126
164800762151,0,0,0,12728420
164800762151,0,0,0,12726030
164800762151,0,0,0,12730126
164800769492,0,0,0,12727054
164800769492,0,0,0,12726713
164800769492,0,0,0,12729614
164800769492,0,0,0,12723471
164800769492,0,0,0,12727566
164800777312,0,0,0,12727396
164800777312,0,0,0,12727737
164800777312,0,0,0,12725348
164800777312,0,0,0,12731150
164800777312,0,0,0,12727908
164800784240,0,0,0,12728761
164800784240,0,0,0,12724665
164800784240,0,0,0,12723471
164800784240,0,0,0,12723983
164800784240,0,0,0,12722105
164800791077,0,0,0,12727396
164800791077,0,0,0,12726030
164800791077,0,0,0,12737806
164800791077,0,0,0,12724836
164800791077,0,0,0,12724153
164800798574,0,0,0,12728932
164800798574,0,0,0,12729273
164800798574,0,0,0,12721593
164800798574,0,0,0,12731150
164800798574,0,0,0,12720228
164800805811,0,0,0,12718692
164800805811,0,0,0,12726884
164800805811,0,0,0,12726542
164800805811,0,0,0,12723300
164800805811,0,0,0,12733198
164800812564,0,0,0,12729614
164800812564,0,0,0,12730468
164800812564,0,0,0,12731492
164800812564,0,0,0,12732686
164800812564,0,0,0,12740366
164800823107,0,0,0,12730809
164800823107,0,0,0,12724665
164800823107,0,0,0,12728249
164800823107,0,0,0,12731321
164800823107,0,0,0,12731321
164800827355,0,0,0,12725689
164800827355,0,0,0,12727737
164800827355,0,0,0,12733198
164800827355,0,0,0,12739854
164800827355,0,0,0,12734564
164800835035,0,0,0,12736270
164800835035,0,0,0,12727396
164800835035,0,0,0,12730980
164800835035,0,0,0,12727908
164800835035,0,0,0,12730980
164800842339,0,0,0,12728590
164800842339,0,0,0,12724665
164800842339,0,0,0,12732686
164800842339,0,0,0,12733198
164800842339,0,0,0,12725519
164800848084,0,0,0,12738830
164800848084,0,0,0,12735929
164800848084,0,0,0,12739001
164800848084,0,0,0,12737636
164800848084,0,0,0,12733881
164800855506,0,0,0,12733881
164800855506,0,0,0,12736441
164800855506,0,0,0,12737636
164800855506,0,0,0,12737465
164800855506,0,0,0,12734052
164800862295,0,0,0,12726030
164800862295,0,0,0,12732686
164800862295,0,0,0,12727396
164800862295,0,0,0,12729956
164800862295,0,0,0,12734222
164800870462,0,0,0,12737465
164800870462,0,0,0,12735929
164800870462,0,0,0,12730297
164800870462,0,0,0,12732516
164800870462,0,0,0,12728761
164800876389,0,0,0,12738489
164800876389,0,0,0,12732004
164800876389,0,0,0,12730638
164800876389,0,0,0,12740537
164800876389,0,0,0,12733540
164800883837,0,0,0,12740708
164800883837,0,0,0,12730297
164800883837,0,0,0,12735588
164800883837,0,0,0,12729444
164800883837,0,0,0,12738830
164800891714,0,0,0,12730809
164800891714,0,0,0,12734393
164800891714,0,0,0,12737636
164800891714,0,0,0,12737977
164800891714,0,0,0,12735929
164800897747,0,0,0,12734052
164800897747,0,0,0,12726713
164800897747,0,0,0,12735246
164800897747,0,0,0,12737636
164800897747,0,0,0,12729102
164800904582,0,0,0,12736441
164800904582,0,0,0,12734734
164800904582,0,0,0,12733540
164800904582,0,0,0,12738489
164800904582,0,0,0,12731662
164800911892,0,0,0,12735588
164800911892,0,0,0,12744462
164800911892,0,0,0,12736100
164800911892,0,0,0,12733198
164800911892,0,0,0,12734564
164800918895,0,0,0,12739172
164800918895,0,0,0,12731321
164800918895,0,0,0,12736953
164800918895,0,0,0,12729956
164800918895,0,0,0,12733881
164800926389,0,0,0,12733881
164800926389,0,0,0,12735246
164800926389,0,0,0,12738660
164800926389,0,0,0,12740708
164800926389,0,0,0,12736782
164800933181,0,0,0,12737124
164800933181,0,0,0,12736782
164800933181,0,0,0,12731321
164800933181,0,0,0,12735417
164800933181,0,0,0,12742073
164800940320,0,0,0,12734052
164800940320,0,0,0,12732004
164800940320,0,0,0,12737636
164800940320,0,0,0,12731150
164800940320,0,0,0,12725348
164800947484,0,0,0,12741561
164800947484,0,0,0,12732686
164800947484,0,0,0,12735758
164800947484,0,0,0,12738660
164800947484,0,0,0,12734393
164800955199,0,0,0,12740537
164800955199,0,0,0,12740537
164800955199,0,0,0,12739342
164800955199,0,0,0,12736441
164800955199,0,0,0,12738830
164800961784,0,0,0,12738660
164800961784,0,0,0,12729956
164800961784,0,0,0,12729102
164800961784,0,0,0,12735758
164800961784,0,0,0,12729102
164800969001,0,0,0,12729956
164800969001,0,0,0,12725860
164800969001,0,0,0,12729273
164800969001,0,0,0,12734564
164800969001,0,0,0,12736270
164800976299,0,0,0,12737465
164800976299,0,0,0,12731150
164800976299,0,0,0,12729956
164800976299,0,0,0,12745828
164800976299,0,0,0,12732686
164800983399,0,0,0,12732004
164800983399,0,0,0,12742585
164800983399,0,0,0,12739172
164800983399,0,0,0,12734734
164800983399,0,0,0,12740025
164800990639,0,0,0,12736953
164800990639,0,0,0,12735588
164800990639,0,0,0,12734393
164800990639,0,0,0,12733881
164800990639,0,0,0,12734222
164800997894,0,0,0,12735929
164800997894,0,0,0,12736782
164800997894,0,0,0,12740537
164800997894,0,0,0,12734393
164800997894,0,0,0,12731662
164801005192,0,0,0,12730468
164801005192,0,0,0,12731662
164801005192,0,0,0,12734052
164801005192,0,0,0,12732857
164801005192,0,0,0,12740196
164801013245,0,0,0,12737294
164801013245,0,0,0,12739854
164801013245,0,0,0,12733198
164801013245,0,0,0,12738660
164801013245,0,0,0,12732686
164801019487,0,0,0,12737124
164801019487,0,0,0,12735929
164801019487,0,0,0,12740196
164801019487,0,0,0,12743438
164801019487,0,0,0,12736782
164801026779,0,0,0,12736612
164801026779,0,0,0,12741049
164801026779,0,0,0,12734393
164801026779,0,0,0,12740025
164801026779,0,0,0,12742244
164801033641,0,0,0,12737465
164801033641,0,0,0,12741902
164801033641,0,0,0,12741561
164801033641,0,0,0,12739513
164801033641,0,0,0,12735758
164801040675,0,0,0,12733198
164801040675,0,0,0,12726542
164801040675,0,0,0,12732174
164801040675,0,0,0,12735417
164801040675,0,0,0,12739684
164801047997,0,0,0,12730468
164801047997,0,0,0,12734734
164801047997,0,0,0,12734222
164801047997,0,0,0,12737465
164801047997,0,0,0,12739172
164801055061,0,0,0,12732686
164801055061,0,0,0,12732345
164801055061,0,0,0,12739684
164801055061,0,0,0,12734905
164801055061,0,0,0,12735076
164801062270,0,0,0,12736612
164801062270,0,0,0,12736782
164801062270,0,0,0,12739684
164801062270,0,0,0,12740537
164801062270,0,0,0,12736270
164801069280,0,0,0,12743438
164801069280,0,0,0,12741732
164801069280,0,0,0,12736782
164801069280,0,0,0,12743268
164801069280,0,0,0,12741390
164801077234,0,0,0,12735246
164801077234,0,0,0,12740366
164801077234,0,0,0,12740025
164801077234,0,0,0,12727225
164801077234,0,0,0,12740878
164801083716,0,0,0,12743609
164801083716,0,0,0,12747875
164801083716,0,0,0,12743268
164801083716,0,0,0,12730638
164801083716,0,0,0,12737977
164801090835,0,0,0,12738830
164801090835,0,0,0,12748729
164801090835,0,0,0,12746169
164801090835,0,0,0,12745316
164801090835,0,0,0,12737977
164801097960,0,0,0,12739342
164801097960,0,0,0,12745998
164801097960,0,0,0,12735076
164801097960,0,0,0,12741561
164801097960,0,0,0,12735246
164801105212,0,0,0,12747363
164801105212,0,0,0,12738489
164801105212,0,0,0,12736782
164801105212,0,0,0,12740196
164801105212,0,0,0,12744974
164801112089,0,0,0,12742244
164801112089,0,0,0,12740025
164801112089,0,0,0,12749241
164801112089,0,0,0,12741732
164801112089,0,0,0,12737465
164801119361,0,0,0,12741902
164801119361,0,0,0,12735588
164801119361,0,0,0,12743609
164801119361,0,0,0,12749070
164801119361,0,0,0,12743268
164801126400,0,0,0,12742073
164801126400,0,0,0,12743097
164801126400,0,0,0,12735758
164801126400,0,0,0,12742585
164801126400,0,0,0,12744121
164801133885,0,0,0,12734734
164801133885,0,0,0,12749241
164801133885,0,0,0,12749411
164801133885,0,0,0,12742244
164801133885,0,0,0,12739513
164801140726,0,0,0,12741390
164801140726,0,0,0,12745486
164801140726,0,0,0,12744633
164801140726,0,0,0,12736612
164801140726,0,0,0,12743268
164801147861,0,0,0,12742756
164801147861,0,0,0,12744462
164801147861,0,0,0,12740537
164801147861,0,0,0,12745486
164801147861,0,0,0,12742414
164801155334,0,0,0,12743438
164801155334,0,0,0,12742756
164801155334,0,0,0,12745828
164801155334,0,0,0,12742073
164801155334,0,0,0,12744121
164801162175,0,0,0,12741561
164801162175,0,0,0,12748387
164801162175,0,0,0,12742244
164801162175,0,0,0,12745657
164801162175,0,0,0,12739001
164801169500,0,0,0,12741561
164801169500,0,0,0,12746510
164801169500,0,0,0,12742585
164801169500,0,0,0,12740025
164801169500,0,0,0,12746339
164801176595,0,0,0,12741561
164801176595,0,0,0,12737465
164801176595,0,0,0,12743950
164801176595,0,0,0,12745657
164801176595,0,0,0,12741732
164801184130,0,0,0,12735929
164801184130,0,0,0,12741049
164801184130,0,0,0,12749923
164801184130,0,0,0,12737124
164801184130,0,0,0,12739001
164801190982,0,0,0,12745316
164801190982,0,0,0,12742756
164801190982,0,0,0,12740708
164801190982,0,0,0,12733710
164801190982,0,0,0,12742073
164801198214,0,0,0,12739001
164801198214,0,0,0,12737294
164801198214,0,0,0,12735076
164801198214,0,0,0,12744121
164801198214,0,0,0,12740366
164801206180,0,0,0,12736953
164801206180,0,0,0,12739854
164801206180,0,0,0,12737465
164801206180,0,0,0,12729956
164801206180,0,0,0,12734393
164801212574,0,0,0,12738318
164801212574,0,0,0,12736612
164801212574,0,0,0,12732686
164801212574,0,0,0,12731150
164801212574,0,0,0,12735929
164801219576,0,0,0,12742244
164801219576,0,0,0,12738489
164801219576,0,0,0,12732516
164801219576,0,0,0,12734393
164801219576,0,0,0,12734052
164801227094,0,0,0,12728590
164801227094,0,0,0,12734052
164801227094,0,0,0,12735929
164801227094,0,0,0,12725689
164801227094,0,0,0,12728761
164801233974,0,0,0,12735758
164801233974,0,0,0,12732686
164801233974,0,0,0,12724836
164801233974,0,0,0,12729102
164801233974,0,0,0,12729444
164801241159,0,0,0,12737294
164801241159,0,0,0,12729785
164801241159,0,0,0,12738489
164801241159,0,0,0,12739172
164801241159,0,0,0,12726884
164801248376,0,0,0,12732686
164801248376,0,0,0,12729273
164801248376,0,0,0,12727225
164801248376,0,0,0,12731492
164801248376,0,0,0,12726884
164801255374,0,0,0,12735588
164801255374,0,0,0,12733881
164801255374,0,0,0,12722959
164801255374,0,0,0,12739172
164801255374,0,0,0,12725348
164801262532,0,0,0,12729785
164801262532,0,0,0,12729614
164801262532,0,0,0,12722959
164801262532,0,0,0,12723983
164801262532,0,0,0,12729444
164801269620,0,0,0,12727225
164801269620,0,0,0,12725860
164801269620,0,0,0,12723300
164801269620,0,0,0,12725860
164801269620,0,0,0,12729785
164801276846,0,0,0,12727737
164801276846,0,0,0,12732516
164801276846,0,0,0,12724495
164801276846,0,0,0,12723300
164801276846,0,0,0,12720569
164801284171,0,0,0,12718009
164801284171,0,0,0,12726884
164801284171,0,0,0,12724324
164801284171,0,0,0,12733369
164801284171,0,0,0,12726030
164801291215,0,0,0,12724153
164801291215,0,0,0,12718351
164801291215,0,0,0,12721423
164801291215,0,0,0,12722105
164801291215,0,0,0,12720057
164801298555,0,0,0,12715961
164801298555,0,0,0,12720228
164801298555,0,0,0,12720569
164801298555,0,0,0,12728590
164801298555,0,0,0,12723471
164801305306,0,0,0,12723471
164801305306,0,0,0,12713572
164801305306,0,0,0,12719033
164801305306,0,0,0,12717156
164801305306,0,0,0,12723471
164801312522,0,0,0,12723471
164801312522,0,0,0,12721593
164801312522,0,0,0,12733028
164801312522,0,0,0,12722617
164801312522,0,0,0,12720569
164801319807,0,0,0,12719204
164801319807,0,0,0,12713743
164801319807,0,0,0,12717839
164801319807,0,0,0,12719887
164801319807,0,0,0,12713913
164801326769,0,0,0,12717327
164801326769,0,0,0,12717839
164801326769,0,0,0,12722447
164801326769,0,0,0,12718180
164801326769,0,0,0,12716303
164801334503,0,0,0,12713060
164801334503,0,0,0,12720057
164801334503,0,0,0,12705892
164801334503,0,0,0,12715620
164801334503,0,0,0,12704356
164801341249,0,0,0,12712548
164801341249,0,0,0,12718009
164801341249,0,0,0,12712207
164801341249,0,0,0,12716303
164801341249,0,0,0,12712719
164801348378,0,0,0,12716815
164801348378,0,0,0,12708964
164801348378,0,0,0,12711695
164801348378,0,0,0,12715279
164801348378,0,0,0,12716473
164801355623,0,0,0,12712548
164801355623,0,0,0,12711865
164801355623,0,0,0,12714425
164801355623,0,0,0,12719545
164801355623,0,0,0,12710329
164801362653,0,0,0,12712036
164801362653,0,0,0,12714084
164801362653,0,0,0,12712036
164801362653,0,0,0,12714084
164801362653,0,0,0,12712377
164801369896,0,0,0,12710671
164801369896,0,0,0,12705210
164801369896,0,0,0,12710671
164801369896,0,0,0,12717327
164801369896,0,0,0,12713913
164801377141,0,0,0,12710671
164801377141,0,0,0,12712889
164801377141,0,0,0,12709817
164801377141,0,0,0,12715791
164801377141,0,0,0,12711183
164801384302,0,0,0,12709988
164801384302,0,0,0,12712377
164801384302,0,0,0,12715620
164801384302,0,0,0,12714767
164801384302,0,0,0,12709305
164801391373,0,0,0,12717668
164801391373,0,0,0,12712036
164801391373,0,0,0,12712207
164801391373,0,0,0,12704698
164801391373,0,0,0,12711353
164801398475,0,0,0,12713572
164801398475,0,0,0,12709135
164801398475,0,0,0,12716132
164801398475,0,0,0,12707087
164801398475,0,0,0,12710329
164801405546,0,0,0,12715108
164801405546,0,0,0,12711183
164801405546,0,0,0,12705380
164801405546,0,0,0,12712889
164801405546,0,0,0,12709476
164801412796,0,0,0,12711865
164801412796,0,0,0,12713913
164801412796,0,0,0,12714767
164801412796,0,0,0,12712548
164801412796,0,0,0,12717839
164801419925,0,0,0,12708623
164801419925,0,0,0,12705551
164801419925,0,0,0,12718351
164801419925,0,0,0,12709988
164801419925,0,0,0,12715791
164801427184,0,0,0,12713572
164801427184,0,0,0,12710159
164801427184,0,0,0,12722276
164801427184,0,0,0,12717668
164801427184,0,0,0,12717497
164801434431,0,0,0,12717156
164801434431,0,0,0,12708281
164801434431,0,0,0,12713401
164801434431,0,0,0,12713572
164801434431,0,0,0,12710841
164801441498,0,0,0,12711012
164801441498,0,0,0,12716985
164801441498,0,0,0,12712719
164801441498,0,0,0,12708793
164801441498,0,0,0,12714937
164801448672,0,0,0,12718692
164801448672,0,0,0,12714084
164801448672,0,0,0,12716644
164801448672,0,0,0,12714937
164801448672,0,0,0,12717327
164801456030,0,0,0,12715449
164801456030,0,0,0,12709647
164801456030,0,0,0,12716132
164801456030,0,0,0,12717327
164801456030,0,0,0,12712207
164801463036,0,0,0,12712207
164801463036,0,0,0,12712548
164801463036,0,0,0,12718351
164801463036,0,0,0,12715961
164801463036,0,0,0,12712548
164801469885,0,0,0,12717668
164801469885,0,0,0,12717497
164801469885,0,0,0,12719716
164801469885,0,0,0,12713913
164801469885,0,0,0,12718009
164801477521,0,0,0,12724324
164801477521,0,0,0,12707087
164801477521,0,0,0,12722276
164801477521,0,0,0,12723641
164801477521,0,0,0,12714937
164801484263,0,0,0,12711524
164801484263,0,0,0,12717497
164801484263,0,0,0,12718521
164801484263,0,0,0,12717839
164801484263,0,0,0,12723641
164801491764,0,0,0,12721593
164801491764,0,0,0,12715961
164801491764,0,0,0,12717156
164801491764,0,0,0,12726030
164801491764,0,0,0,12716815
164801498662,0,0,0,12716303
164801498662,0,0,0,12713913
164801498662,0,0,0,12720057
164801498662,0,0,0,12714937
164801498662,0,0,0,12716473
164801505816,0,0,0,12718692
164801505816,0,0,0,12716985
164801505816,0,0,0,12719545
164801505816,0,0,0,12721252
164801505816,0,0,0,12726201
164801512862,0,0,0,12718692
164801512862,0,0,0,12715279
164801512862,0,0,0,12716473
164801512862,0,0,0,12719375
164801512862,0,0,0,12715279
164801519989,0,0,0,12726030
164801519989,0,0,0,12716473
164801519989,0,0,0,12718009
164801519989,0,0,0,12719375
164801519989,0,0,0,12711183
164801527637,0,0,0,12719204
164801527637,0,0,0,12722447
164801527637,0,0,0,12729956
164801527637,0,0,0,12720569
164801527637,0,0,0,12725860
164801534336,0,0,0,12715279
164801534336,0,0,0,12723812
164801534336,0,0,0,12721593
164801534336,0,0,0,12723812
164801534336,0,0,0,12727054
164801541771,0,0,0,12724324
164801541771,0,0,0,12728249
164801541771,0,0,0,12725177
164801541771,0,0,0,12725007
164801541771,0,0,0,12724153
164801548759,0,0,0,12724836
164801548759,0,0,0,12725519
164801548759,0,0,0,12729956
164801548759,0,0,0,12721935
164801548759,0,0,0,12725007
164801556510,0,0,0,12722105
164801556510,0,0,0,12723983
164801556510,0,0,0,12727908
164801556510,0,0,0,12728078
164801556510,0,0,0,12729444
164801563939,0,0,0,12726201
164801563939,0,0,0,12726372
164801563939,0,0,0,12721764
164801563939,0,0,0,12727566
164801563939,0,0,0,12721423
164801570921,0,0,0,12735417
164801570921,0,0,0,12727566
164801570921,0,0,0,12728761
164801570921,0,0,0,12727054
164801570921,0,0,0,12729102
164801577954,0,0,0,12728932
164801577954,0,0,0,12735758
164801577954,0,0,0,12729444
164801577954,0,0,0,12720569
164801577954,0,0,0,12733369
164801585166,0,0,0,12727054
164801585166,0,0,0,12723812
164801585166,0,0,0,12726030
164801585166,0,0,0,12736441
164801585166,0,0,0,12731833
164801592620,0,0,0,12734052
164801592620,0,0,0,12725860
164801592620,0,0,0,12729614
164801592620,0,0,0,12725348
164801592620,0,0,0,12733540
164801600625,0,0,0,12729273
164801600625,0,0,0,12728590
164801600625,0,0,0,12729273
164801600625,0,0,0,12728590
164801600625,0,0,0,12727396
164801606574,0,0,0,12732516
164801606574,0,0,0,12726884
164801606574,0,0,0,12728249
164801606574,0,0,0,12730126
164801606574,0,0,0,12738148
164801615615,0,0,0,12739513
164801615615,0,0,0,12730297
164801615615,0,0,0,12729785
164801615615,0,0,0,12732004
164801615615,0,0,0,12734222
164801622224,0,0,0,12733881
164801622224,0,0,0,12728761
164801622224,0,0,0,12725860
164801622224,0,0,0,12726884
164801622224,0,0,0,12734393
164801628408,0,0,0,12730468
164801628408,0,0,0,12731492
164801628408,0,0,0,12735076
164801628408,0,0,0,12730638
164801628408,0,0,0,12731492
164801636296,0,0,0,12730468
164801636296,0,0,0,12730126
164801636296,0,0,0,12737806
164801636296,0,0,0,12724836
164801636296,0,0,0,12733369
164801643001,0,0,0,12726372
164801643001,0,0,0,12725348
164801643001,0,0,0,12730809
164801643001,0,0,0,12733710
164801643001,0,0,0,12726201
164801650050,0,0,0,12736100
164801650050,0,0,0,12732857
164801650050,0,0,0,12735758
164801650050,0,0,0,12736441
164801650050,0,0,0,12738489
164801657540,0,0,0,12732686
164801657540,0,0,0,12741390
164801657540,0,0,0,12731662
164801657540,0,0,0,12726201
164801657540,0,0,0,12721593
164801664594,0,0,0,12734052
164801664594,0,0,0,12733198
164801664594,0,0,0,12724836
164801664594,0,0,0,12723812
164801664594,0,0,0,12726030
164801671453,0,0,0,12731492
164801671453,0,0,0,12733028
164801671453,0,0,0,12740708
164801671453,0,0,0,12728932
164801671453,0,0,0,12732174
164801678500,0,0,0,12734393
164801678500,0,0,0,12730809
164801678500,0,0,0,12730297
164801678500,0,0,0,12734052
164801678500,0,0,0,12727054
164801685438,0,0,0,12729273
164801685438,0,0,0,12727054
164801685438,0,0,0,12733028
164801685438,0,0,0,12734393
164801685438,0,0,0,12730297
164801692568,0,0,0,12732686
164801692568,0,0,0,12730809
164801692568,0,0,0,12737977
164801692568,0,0,0,12728420
164801692568,0,0,0,12730980
164801700152,0,0,0,12726201
164801700152,0,0,0,12727908
164801700152,0,0,0,12729956
164801700152,0,0,0,12729614
164801700152,0,0,0,12723812
164801707536,0,0,0,12729444
164801707536,0,0,0,12727396
164801707536,0,0,0,12734393
164801707536,0,0,0,12730468
164801707536,0,0,0,12733540
164801713968,0,0,0,12729102
164801713968,0,0,0,12736441
164801713968,0,0,0,12727566
164801713968,0,0,0,12736953
164801713968,0,0,0,12726713
164801721118,0,0,0,12732345
164801721118,0,0,0,12725519
164801721118,0,0,0,12736782
164801721118,0,0,0,12728590
164801721118,0,0,0,12724836
164801728363,0,0,0,12734734
164801728363,0,0,0,12732004
164801728363,0,0,0,12732004
164801728363,0,0,0,12733710
164801728363,0,0,0,12724495
164801735622,0,0,0,12728932
164801735622,0,0,0,12723471
164801735622,0,0,0,12732174
164801735622,0,0,0,12732345
164801735622,0,0,0,12728590
164801743182,0,0,0,12731492
164801743182,0,0,0,12729785
164801743182,0,0,0,12725348
164801743182,0,0,0,12726201
164801743182,0,0,0,12730126
164801750124,0,0,0,12725689
164801750124,0,0,0,12723641
164801750124,0,0,0,12729102
164801750124,0,0,0,12727225
164801750124,0,0,0,12732686
164801757531,0,0,0,12729785
164801757531,0,0,0,12724836
164801757531,0,0,0,12729273
164801757531,0,0,0,12733710
164801757531,0,0,0,12724665
164801764306,0,0,0,12734222
164801764306,0,0,0,12725348
164801764306,0,0,0,12728249
164801764306,0,0,0,12729273
164801764306,0,0,0,12728078
164801771037,0,0,0,12730809
164801771037,0,0,0,12732857
164801771037,0,0,0,12729785
164801771037,0,0,0,12734393
164801771037,0,0,0,12724324
164801780488,0,0,0,12729102
164801780488,0,0,0,12726030
164801780488,0,0,0,12726201
164801780488,0,0,0,12727737
164801780488,0,0,0,12730126
164801785927,0,0,0,12732686
164801785927,0,0,0,12731150
164801785927,0,0,0,12732004
164801785927,0,0,0,12728249
164801785927,0,0,0,12730980
164801793724,0,0,0,12730638
164801793724,0,0,0,12732345
164801793724,0,0,0,12728761
164801793724,0,0,0,12725519
164801793724,0,0,0,12725519
164801800484,0,0,0,12723471
164801800484,0,0,0,12723812
164801800484,0,0,0,12724153
164801800484,0,0,0,12730126
164801800484,0,0,0,12732686
164801808048,0,0,0,12733028
164801808048,0,0,0,12721081
164801808048,0,0,0,12725007
164801808048,0,0,0,12736441
164801808048,0,0,0,12731662
164801814691,0,0,0,12731492
164801814691,0,0,0,12727908
164801814691,0,0,0,12724153
164801814691,0,0,0,12722959
164801814691,0,0,0,12725007
164801822210,0,0,0,12729785
164801822210,0,0,0,12729614
164801822210,0,0,0,12730809
164801822210,0,0,0,12725519
164801822210,0,0,0,12729273
164801828668,0,0,0,12726201
164801828668,0,0,0,12729273
164801828668,0,0,0,12724324
164801828668,0,0,0,12728932
164801828668,0,0,0,12738318
164801836381,0,0,0,12724324
164801836381,0,0,0,12730638
164801836381,0,0,0,12727396
164801836381,0,0,0,12735246
164801836381,0,0,0,12735758
164801843831,0,0,0,12724324
164801843831,0,0,0,12728249
164801843831,0,0,0,12731321
164801843831,0,0,0,12726372
164801843831,0,0,0,12728761
164801850405,0,0,0,12729102
164801850405,0,0,0,12735588
164801850405,0,0,0,12725689
164801850405,0,0,0,12733198
164801850405,0,0,0,12727054
164801856961,0,0,0,12725689
164801856961,0,0,0,12729614
164801856961,0,0,0,12727225
164801856961,0,0,0,12721423
164801856961,0,0,0,12724495
164801864036,0,0,0,12731833
164801864036,0,0,0,12731492
164801864036,0,0,0,12728420
164801864036,0,0,0,12726030
164801864036,0,0,0,12727737
164801871197,0,0,0,12720911
164801871197,0,0,0,12723471
164801871197,0,0,0,12729956
164801871197,0,0,0,12725007
164801871197,0,0,0,12724836
164801878344,0,0,0,12733540
164801878344,0,0,0,12724324
164801878344,0,0,0,12726201
164801878344,0,0,0,12722276
164801878344,0,0,0,12727225
164801886486,0,0,0,12720911
164801886486,0,0,0,12728590
164801886486,0,0,0,12729614
164801886486,0,0,0,12720911
164801886486,0,0,0,12723812
164801892704,0,0,0,12727054
164801892704,0,0,0,12725860
164801892704,0,0,0,12723300
164801892704,0,0,0,12727737
164801892704,0,0,0,12728420
164801900329,0,0,0,12722276
164801900329,0,0,0,12714084
164801900329,0,0,0,12726713
164801900329,0,0,0,12723129
164801900329,0,0,0,12722959
164801907864,0,0,0,12725519
164801907864,0,0,0,12727054
164801907864,0,0,0,12726030
164801907864,0,0,0,12712207
164801907864,0,0,0,12719204
164801915056,0,0,0,12725007
164801915056,0,0,0,12723129
164801915056,0,0,0,12726030
164801915056,0,0,0,12719033
164801915056,0,0,0,12719887
164801921368,0,0,0,12719545
164801921368,0,0,0,12726201
164801921368,0,0,0,12718180
164801921368,0,0,0,12723471
164801921368,0,0,0,12722447
164801929716,0,0,0,12721935
164801929716,0,0,0,12721764
164801929716,0,0,0,12721935
164801929716,0,0,0,12724324
164801929716,0,0,0,12725177
164801936644,0,0,0,12714596
164801936644,0,0,0,12723812
164801936644,0,0,0,12720911
164801936644,0,0,0,12721423
164801936644,0,0,0,12719545
164801943077,0,0,0,12717839
164801943077,0,0,0,12715449
164801943077,0,0,0,12722617
164801943077,0,0,0,12718692
164801943077,0,0,0,12720399
164801951499,0,0,0,12714767
164801951499,0,0,0,12714084
164801951499,0,0,0,12713913
164801951499,0,0,0,12714937
164801951499,0,0,0,12713743
164801957744,0,0,0,12713401
164801957744,0,0,0,12721252
164801957744,0,0,0,12717668
164801957744,0,0,0,12722617
164801957744,0,0,0,12721935
164801964403,0,0,0,12723812
164801964403,0,0,0,12719375
164801964403,0,0,0,12723300
164801964403,0,0,0,12715791
164801964403,0,0,0,12721593
164801971566,0,0,0,12712719
164801971566,0,0,0,12710159
164801971566,0,0,0,12712036
164801971566,0,0,0,12728249
164801971566,0,0,0,12718351
164801978708,0,0,0,12720740
164801978708,0,0,0,12715279
164801978708,0,0,0,12716644
164801978708,0,0,0,12728932
164801978708,0,0,0,12723129
164801986623,0,0,0,12715620
164801986623,0,0,0,12717668
164801986623,0,0,0,12725519
164801986623,0,0,0,12719375
164801986623,0,0,0,12720228
164801993117,0,0,0,12722276
164801993117,0,0,0,12717327
164801993117,0,0,0,12713060
164801993117,0,0,0,12717668
164801993117,0,0,0,12718009
164802000622,0,0,0,12723471
164802000622,0,0,0,12714596
164802000622,0,0,0,12719545
164802000622,0,0,0,12724153
164802000622,0,0,0,12721252
164802007571,0,0,0,12718351
164802007571,0,0,0,12718180
164802007571,0,0,0,12716303
164802007571,0,0,0,12719545
164802007571,0,0,0,12719887
164802014679,0,0,0,12713401
164802014679,0,0,0,12716473
164802014679,0,0,0,12723641
164802014679,0,0,0,12716132
164802014679,0,0,0,12721935
164802021671,0,0,0,12719887
164802021671,0,0,0,12724665
164802021671,0,0,0,12723300
164802021671,0,0,0,12723641
164802021671,0,0,0,12715279
164802029132,0,0,0,12722617
164802029132,0,0,0,12718863
164802029132,0,0,0,12719375
164802029132,0,0,0,12725519
164802029132,0,0,0,12711865
164802035904,0,0,0,12720911
164802035904,0,0,0,12718521
164802035904,0,0,0,12717497
164802035904,0,0,0,12713572
164802035904,0,0,0,12726201
164802043095,0,0,0,12716985
164802043095,0,0,0,12711012
164802043095,0,0,0,12712377
164802043095,0,0,0,12724324
164802043095,0,0,0,12723471
164802050575,0,0,0,12722276
164802050575,0,0,0,12722617
164802050575,0,0,0,12720399
164802050575,0,0,0,12719033
164802050575,0,0,0,12724836
164802057926,0,0,0,12719887
164802057926,0,0,0,12720057
164802057926,0,0,0,12719204
164802057926,0,0,0,12725860
164802057926,0,0,0,12715449
164802065149,0,0,0,12714767
164802065149,0,0,0,12715449
164802065149,0,0,0,12718521
164802065149,0,0,0,12723300
164802065149,0,0,0,12711353
164802071998,0,0,0,12719204
164802071998,0,0,0,12721593
164802071998,0,0,0,12723471
164802071998,0,0,0,12709988
164802071998,0,0,0,12718180
164802079416,0,0,0,12726884
164802079416,0,0,0,12717668
164802079416,0,0,0,12715279
164802079416,0,0,0,12714255
164802079416,0,0,0,12716303
164802086652,0,0,0,12716815
164802086652,0,0,0,12717156
164802086652,0,0,0,12717327
164802086652,0,0,0,12720911
164802086652,0,0,0,12716815
164802093282,0,0,0,12717497
164802093282,0,0,0,12719716
164802093282,0,0,0,12712207
164802093282,0,0,0,12719716
164802093282,0,0,0,12715449
164802100960,0,0,0,12719375
164802100960,0,0,0,12720569
164802100960,0,0,0,12719887
164802100960,0,0,0,12722447
164802100960,0,0,0,12723300
164802107701,0,0,0,12718351
164802107701,0,0,0,12722788
164802107701,0,0,0,12718009
164802107701,0,0,0,12718863
164802107701,0,0,0,12720399
164802114766,0,0,0,12715279
164802114766,0,0,0,12719545
164802114766,0,0,0,12720740
164802114766,0,0,0,12716303
164802114766,0,0,0,12719375
164802121707,0,0,0,12721935
164802121707,0,0,0,12719375
164802121707,0,0,0,12723300
164802121707,0,0,0,12724153
164802121707,0,0,0,12717839
164802130263,0,0,0,12719375
164802130263,0,0,0,12720911
164802130263,0,0,0,12720228
164802130263,0,0,0,12724153
164802130263,0,0,0,12721593
164802135984,0,0,0,12722788
164802135984,0,0,0,12727737
164802135984,0,0,0,12714255
164802135984,0,0,0,12720740
164802135984,0,0,0,12714767
164802143197,0,0,0,12723300
164802143197,0,0,0,12727054
164802143197,0,0,0,12725519
164802143197,0,0,0,12728249
164802143197,0,0,0,12718009
164802150572,0,0,0,12723812
164802150572,0,0,0,12715279
164802150572,0,0,0,12725519
164802150572,0,0,0,12715791
164802150572,0,0,0,12729102
164802157435,0,0,0,12722447
164802157435,0,0,0,12719887
164802157435,0,0,0,12723983
164802157435,0,0,0,12717327
164802157435,0,0,0,12724495
164802164920,0,0,0,12715279
164802164920,0,0,0,12719887
164802164920,0,0,0,12724153
164802164920,0,0,0,12725007
164802164920,0,0,0,12723641
164802172999,0,0,0,12722959
164802172999,0,0,0,12722276
164802172999,0,0,0,12721935
164802172999,0,0,0,12722447
164802172999,0,0,0,12715279
164802178919,0,0,0,12723812
164802178919,0,0,0,12720399
164802178919,0,0,0,12728932
164802178919,0,0,0,12728420
164802178919,0,0,0,12715791
164802186187,0,0,0,12724153
164802186187,0,0,0,12728078
164802186187,0,0,0,12729273
164802186187,0,0,0,12724324
164802186187,0,0,0,12723812
164802194100,0,0,0,12724324
164802194100,0,0,0,12724836
164802194100,0,0,0,12716473
164802194100,0,0,0,12730297
164802194100,0,0,0,12728420
164802200437,0,0,0,12727737
164802200437,0,0,0,12719545
164802200437,0,0,0,12724153
164802200437,0,0,0,12726030
164802200437,0,0,0,12727737
164802207786,0,0,0,12725348
164802207786,0,0,0,12723812
164802207786,0,0,0,12731150
164802207786,0,0,0,12730638
164802207786,0,0,0,12726372
164802215093,0,0,0,12726372
164802215093,0,0,0,12728590
164802215093,0,0,0,12726372
164802215093,0,0,0,12723641
164802215093,0,0,0,12721764
164802222091,0,0,0,12731492
164802222091,0,0,0,12726542
164802222091,0,0,0,12727225
164802222091,0,0,0,12729614
164802222091,0,0,0,12723129
164802229609,0,0,0,12731150
164802229609,0,0,0,12726884
164802229609,0,0,0,12725007
164802229609,0,0,0,12726201
164802229609,0,0,0,12734905
164802236267,0,0,0,12727566
164802236267,0,0,0,12736100
164802236267,0,0,0,12730297
164802236267,0,0,0,12726542
164802236267,0,0,0,12731662
164802243498,0,0,0,12731662
164802243498,0,0,0,12722959
164802243498,0,0,0,12731150
164802243498,0,0,0,12727737
164802243498,0,0,0,12728249
164802251105,0,0,0,12726542
164802251105,0,0,0,12731150
164802251105,0,0,0,12732516
164802251105,0,0,0,12733710
164802251105,0,0,0,12730468
164802258066,0,0,0,12732174
164802258066,0,0,0,12723983
164802258066,0,0,0,12728761
164802258066,0,0,0,12732686
164802258066,0,0,0,12729956
164802265280,0,0,0,12719033
164802265280,0,0,0,12731150
164802265280,0,0,0,12726884
164802265280,0,0,0,12733540
164802265280,0,0,0,12728249
164802272412,0,0,0,12732516
164802272412,0,0,0,12729444
164802272412,0,0,0,12724153
164802272412,0,0,0,12725860
164802272412,0,0,0,12727566
164802279571,0,0,0,12733540
164802279571,0,0,0,12734564
164802279571,0,0,0,12735588
164802279571,0,0,0,12735417
164802279571,0,0,0,12732345
164802286840,0,0,0,12734734
164802286840,0,0,0,12726713
164802286840,0,0,0,12721764
164802286840,0,0,0,12732174
164802286840,0,0,0,12723471
164802295453,0,0,0,12726884
164802295453,0,0,0,12734905
164802295453,0,0,0,12730297
164802295453,0,0,0,12727566
164802295453,0,0,0,12721764
164802300901,0,0,0,12722447
164802300901,0,0,0,12732857
164802300901,0,0,0,12732174
164802300901,0,0,0,12733710
164802300901,0,0,0,12731662
164802309860,0,0,0,12732516
164802309860,0,0,0,12726030
164802309860,0,0,0,12734905
164802309860,0,0,0,12727908
164802309860,0,0,0,12734905
164802316586,0,0,0,12736441
164802316586,0,0,0,12730809
164802316586,0,0,0,12724836
164802316586,0,0,0,12725007
164802316586,0,0,0,12730980
164802322797,0,0,0,12729444
164802322797,0,0,0,12738660
164802322797,0,0,0,12731833
164802322797,0,0,0,12735758
164802322797,0,0,0,12721935
164802330693,0,0,0,12727908
164802330693,0,0,0,12725860
164802330693,0,0,0,12737294
164802330693,0,0,0,12732686
164802330693,0,0,0,12726713
164802338316,0,0,0,12731150
164802338316,0,0,0,12728420
164802338316,0,0,0,12726542
164802338316,0,0,0,12725689
164802338316,0,0,0,12731150
164802344649,0,0,0,12729956
164802344649,0,0,0,12735929
164802344649,0,0,0,12733710
164802344649,0,0,0,12737636
164802344649,0,0,0,12730980
164802351447,0,0,0,12732857
164802351447,0,0,0,12733540
164802351447,0,0,0,12726030
164802351447,0,0,0,12729614
164802351447,0,0,0,12726030
164802358561,0,0,0,12731492
164802358561,0,0,0,12733710
164802358561,0,0,0,12732857
164802358561,0,0,0,12736441
164802358561,0,0,0,12728932
164802365223,0,0,0,12735246
164802365223,0,0,0,12731492
164802365223,0,0,0,12732345
164802365223,0,0,0,12729444
164802365223,0,0,0,12727908
164802372182,0,0,0,12733369
164802372182,0,0,0,12731833
164802372182,0,0,0,12723471
164802372182,0,0,0,12735588
164802372182,0,0,0,12734052
164802379763,0,0,0,12732345
164802379763,0,0,0,12739172
164802379763,0,0,0,12729444
164802379763,0,0,0,12736441
164802379763,0,0,0,12729273
164802386421,0,0,0,12731662
164802386421,0,0,0,12728420
164802386421,0,0,0,12730126
164802386421,0,0,0,12730297
164802386421,0,0,0,12735588
164802394199,0,0,0,12733881
164802394199,0,0,0,12733198
164802394199,0,0,0,12735758
164802394199,0,0,0,12732345
164802394199,0,0,0,12730638
164802401570,0,0,0,12729273
164802401570,0,0,0,12726542
164802401570,0,0,0,12724836
164802401570,0,0,0,12729102
164802401570,0,0,0,12730638
164802408472,0,0,0,12738318
164802408472,0,0,0,12734222
164802408472,0,0,0,12726372
164802408472,0,0,0,12730297
164802408472,0,0,0,12737294
164802415437,0,0,0,12729444
164802415437,0,0,0,12737636
164802415437,0,0,0,12725177
164802415437,0,0,0,12732686
164802415437,0,0,0,12729273
164802423095,0,0,0,12740708
164802423095,0,0,0,12738148
164802423095,0,0,0,12727908
164802423095,0,0,0,12736612
164802423095,0,0,0,12733540
164802430855,0,0,0,12738489
164802430855,0,0,0,12737124
164802430855,0,0,0,12728932
164802430855,0,0,0,12729273
164802430855,0,0,0,12732516
164802436839,0,0,0,12736441
164802436839,0,0,0,12727737
164802436839,0,0,0,12735246
164802436839,0,0,0,12727566
164802436839,0,0,0,12737294
164802444427,0,0,0,12734222
164802444427,0,0,0,12734734
164802444427,0,0,0,12729444
164802444427,0,0,0,12726201
164802444427,0,0,0,12728249
164802451919,0,0,0,12734564
164802451919,0,0,0,12728420
164802451919,0,0,0,12734052
164802451919,0,0,0,12733198
164802451919,0,0,0,12729614
164802458496,0,0,0,12737977
164802458496,0,0,0,12734222
164802458496,0,0,0,12731150
164802458496,0,0,0,12736441
164802458496,0,0,0,12730297
164802465424,0,0,0,12725689
164802465424,0,0,0,12734905
164802465424,0,0,0,12732857
164802465424,0,0,0,12735758
164802465424,0,0,0,12731833
164802473002,0,0,0,12734052
164802473002,0,0,0,12733369
164802473002,0,0,0,12730809
164802473002,0,0,0,12729956
164802473002,0,0,0,12728932
164802479655,0,0,0,12740366
164802479655,0,0,0,12743950
164802479655,0,0,0,12729102
164802479655,0,0,0,12730126
164802479655,0,0,0,12725689
164802487728,0,0,0,12728420
164802487728,0,0,0,12731662
164802487728,0,0,0,12727908
164802487728,0,0,0,12731492
164802487728,0,0,0,12731833
164802494358,0,0,0,12735758
164802494358,0,0,0,12733369
164802494358,0,0,0,12732516
164802494358,0,0,0,12733710
164802494358,0,0,0,12733881
164802501073,0,0,0,12729785
164802501073,0,0,0,12737124
164802501073,0,0,0,12734052
164802501073,0,0,0,12739854
164802501073,0,0,0,12733198
164802508472,0,0,0,12738489
164802508472,0,0,0,12726542
164802508472,0,0,0,12723983
164802508472,0,0,0,12734564
164802508472,0,0,0,12739001
164802515574,0,0,0,12730126
164802515574,0,0,0,12738318
164802515574,0,0,0,12733198
164802515574,0,0,0,12733028
164802515574,0,0,0,12734564
164802523167,0,0,0,12729102
164802523167,0,0,0,12728761
164802523167,0,0,0,12735076
164802523167,0,0,0,12734905
164802523167,0,0,0,12727908
164802529844,0,0,0,12728932
164802529844,0,0,0,12737465
164802529844,0,0,0,12729956
164802529844,0,0,0,12731833
164802529844,0,0,0,12737465
164802537053,0,0,0,12732004
164802537053,0,0,0,12728249
164802537053,0,0,0,12730126
164802537053,0,0,0,12729785
164802537053,0,0,0,12729956
164802544940,0,0,0,12730126
164802544940,0,0,0,12736612
164802544940,0,0,0,12735246
164802544940,0,0,0,12738830
164802544940,0,0,0,12732857
164802551374,0,0,0,12732004
164802551374,0,0,0,12731150
164802551374,0,0,0,12727225
164802551374,0,0,0,12732004
164802551374,0,0,0,12732686
164802558762,0,0,0,12732516
164802558762,0,0,0,12724665
164802558762,0,0,0,12736782
164802558762,0,0,0,12729614
164802558762,0,0,0,12737465
164802566190,0,0,0,12731321
164802566190,0,0,0,12733028
164802566190,0,0,0,12733881
164802566190,0,0,0,12722788
164802566190,0,0,0,12728249
164802573074,0,0,0,12732174
164802573074,0,0,0,12728420
164802573074,0,0,0,12725348
164802573074,0,0,0,12731492
164802573074,0,0,0,12730809
164802580310,0,0,0,12736270
164802580310,0,0,0,12733028
164802580310,0,0,0,12732516
164802580310,0,0,0,12734905
164802580310,0,0,0,12734393
164802587389,0,0,0,12733369
164802587389,0,0,0,12726542
164802587389,0,0,0,12731321
164802587389,0,0,0,12739342
164802587389,0,0,0,12733028
164802594064,0,0,0,12739513
164802594064,0,0,0,12731662
164802594064,0,0,0,12732345
164802594064,0,0,0,12730126
164802594064,0,0,0,12727908
164802601515,0,0,0,12729614
164802601515,0,0,0,12721764
164802601515,0,0,0,12730638
164802601515,0,0,0,12726542
164802601515,0,0,0,12734734
164802609181,0,0,0,12729956
164802609181,0,0,0,12735758
164802609181,0,0,0,12733710
164802609181,0,0,0,12728420
164802609181,0,0,0,12728249
164802615710,0,0,0,12734905
164802615710,0,0,0,12732516
164802615710,0,0,0,12741732
164802615710,0,0,0,12734564
164802615710,0,0,0,12737465
164802623383,0,0,0,12733540
164802623383,0,0,0,12733198
164802623383,0,0,0,12726201
164802623383,0,0,0,12732857
164802623383,0,0,0,12737977
164802630460,0,0,0,12730638
164802630460,0,0,0,12731150
164802630460,0,0,0,12733369
164802630460,0,0,0,12729785
164802630460,0,0,0,12737636
164802638098,0,0,0,12736782
164802638098,0,0,0,12736270
164802638098,0,0,0,12732174
164802638098,0,0,0,12730809
164802638098,0,0,0,12734052
164802644302,0,0,0,12731662
164802644302,0,0,0,12735246
164802644302,0,0,0,12735588
164802644302,0,0,0,12735758
164802644302,0,0,0,12734222
164802651284,0,0,0,12734052
164802651284,0,0,0,12731662
164802651284,0,0,0,12736612
164802651284,0,0,0,12733028
164802651284,0,0,0,12726542
164802658628,0,0,0,12731662
164802658628,0,0,0,12734734
164802658628,0,0,0,12733540
164802658628,0,0,0,12731150
164802658628,0,0,0,12740537
164802666397,0,0,0,12733369
164802666397,0,0,0,12732516
164802666397,0,0,0,12740025
164802666397,0,0,0,12732516
164802666397,0,0,0,12731662
164802672736,0,0,0,12742414
164802672736,0,0,0,12733028
164802672736,0,0,0,12742244
164802672736,0,0,0,12742585
164802672736,0,0,0,12737977
164802679960,0,0,0,12742585
164802679960,0,0,0,12735246
164802679960,0,0,0,12738489
164802679960,0,0,0,12738660
164802679960,0,0,0,12726542
164802687335,0,0,0,12731492
164802687335,0,0,0,12742756
164802687335,0,0,0,12734052
164802687335,0,0,0,12732686
164802687335,0,0,0,12738148
164802695199,0,0,0,12733881
164802695199,0,0,0,12736100
164802695199,0,0,0,12734222
164802695199,0,0,0,12735417
164802695199,0,0,0,12729956
164802701485,0,0,0,12733540
164802701485,0,0,0,12740196
164802701485,0,0,0,12735417
164802701485,0,0,0,12730297
164802701485,0,0,0,12733710
164802708661,0,0,0,12738148
164802708661,0,0,0,12741390
164802708661,0,0,0,12743950
164802708661,0,0,0,12738318
164802708661,0,0,0,12738489
164802715774,0,0,0,12744804
164802715774,0,0,0,12740537
164802715774,0,0,0,12736441
164802715774,0,0,0,12745998
164802715774,0,0,0,12741049
164802723091,0,0,0,12735758
164802723091,0,0,0,12741390
164802723091,0,0,0,12738148
164802723091,0,0,0,12732345
164802723091,0,0,0,12737977
164802730461,0,0,0,12743780
164802730461,0,0,0,12744633
164802730461,0,0,0,12734052
164802730461,0,0,0,12750435
164802730461,0,0,0,12744633
164802737320,0,0,0,12743780
164802737320,0,0,0,12741049
164802737320,0,0,0,12743438
164802737320,0,0,0,12740878
164802737320,0,0,0,12743097
164802744815,0,0,0,12749753
164802744815,0,0,0,12741220
164802744815,0,0,0,12741902
164802744815,0,0,0,12748217
164802744815,0,0,0,12737806
164802751776,0,0,0,12741902
164802751776,0,0,0,12743268
164802751776,0,0,0,12738318
164802751776,0,0,0,12739854
164802751776,0,0,0,12742926
164802758544,0,0,0,12737977
164802758544,0,0,0,12737465
164802758544,0,0,0,12740708
164802758544,0,0,0,12743268
164802758544,0,0,0,12746510
164802765986,0,0,0,12737636
164802765986,0,0,0,12739684
164802765986,0,0,0,12744292
164802765986,0,0,0,12745828
164802765986,0,0,0,12742244
164802773111,0,0,0,12748558
164802773111,0,0,0,12746169
164802773111,0,0,0,12743950
164802773111,0,0,0,12740196
164802773111,0,0,0,12748217
164802780667,0,0,0,12738660
164802780667,0,0,0,12739342
164802780667,0,0,0,12741220
164802780667,0,0,0,12741390
164802780667,0,0,0,12747022
164802787361,0,0,0,12741049
164802787361,0,0,0,12743438
164802787361,0,0,0,12747363
164802787361,0,0,0,12743950
164802787361,0,0,0,12741732
164802794676,0,0,0,12749923
164802794676,0,0,0,12743438
164802794676,0,0,0,12748558
164802794676,0,0,0,12742926
164802794676,0,0,0,12743780
164802802213,0,0,0,12742756
164802802213,0,0,0,12744292
164802802213,0,0,0,12749241
164802802213,0,0,0,12747534
164802802213,0,0,0,12743097
164802808927,0,0,0,12740708
164802808927,0,0,0,12742756
164802808927,0,0,0,12751289
164802808927,0,0,0,12747022
164802808927,0,0,0,12742756
164802815888,0,0,0,12750435
164802815888,0,0,0,12749241
164802815888,0,0,0,12750606
164802815888,0,0,0,12742073
164802815888,0,0,0,12741732
164802823332,0,0,0,12749923
164802823332,0,0,0,12743097
164802823332,0,0,0,12751801
164802823332,0,0,0,12743097
164802823332,0,0,0,12738318
164802830293,0,0,0,12743609
164802830293,0,0,0,12748558
164802830293,0,0,0,12739684
164802830293,0,0,0,12752142
164802830293,0,0,0,12744121
164802837193,0,0,0,12750094
164802837193,0,0,0,12752142
164802837193,0,0,0,12741220
164802837193,0,0,0,12749241
164802837193,0,0,0,12749582
164802845092,0,0,0,12746851
164802845092,0,0,0,12744292
164802845092,0,0,0,12745998
164802845092,0,0,0,12747534
164802845092,0,0,0,12743438
164802851683,0,0,0,12743097
164802851683,0,0,0,12741561
164802851683,0,0,0,12742414
164802851683,0,0,0,12744974
164802851683,0,0,0,12745316
164802858863,0,0,0,12752483
164802858863,0,0,0,12748899
164802858863,0,0,0,12743097
164802858863,0,0,0,12756750
164802858863,0,0,0,12752825
164802865912,0,0,0,12754019
164802865912,0,0,0,12749753
164802865912,0,0,0,12747363
164802865912,0,0,0,12744633
164802865912,0,0,0,12753678
164802873897,0,0,0,12752142
164802873897,0,0,0,12740025
164802873897,0,0,0,12751118
164802873897,0,0,0,12750094
164802873897,0,0,0,12750606
164802880340,0,0,0,12748558
164802880340,0,0,0,12743438
164802880340,0,0,0,12754190
164802880340,0,0,0,12745998
164802880340,0,0,0,12751801
164802887743,0,0,0,12747193
164802887743,0,0,0,12745657
164802887743,0,0,0,12743950
164802887743,0,0,0,12746510
164802887743,0,0,0,12748729
164802894877,0,0,0,12746681
164802894877,0,0,0,12743268
164802894877,0,0,0,12745486
164802894877,0,0,0,12751630
164802894877,0,0,0,12748387
164802901807,0,0,0,12741390
164802901807,0,0,0,12743609
164802901807,0,0,0,12750435
164802901807,0,0,0,12744974
164802901807,0,0,0,12751801
164802909182,0,0,0,12750606
164802909182,0,0,0,12747022
164802909182,0,0,0,12747534
164802909182,0,0,0,12744121
164802909182,0,0,0,12741561
164802916354,0,0,0,12740196
164802916354,0,0,0,12748217
164802916354,0,0,0,12747022
164802916354,0,0,0,12744804
164802916354,0,0,0,12745316
164802923867,0,0,0,12750435
164802923867,0,0,0,12741220
164802923867,0,0,0,12751971
164802923867,0,0,0,12745657
164802923867,0,0,0,12751118
164802930644,0,0,0,12749070
164802930644,0,0,0,12740196
164802930644,0,0,0,12751289
164802930644,0,0,0,12737465
164802930644,0,0,0,12740366
164802938050,0,0,0,12741732
164802938050,0,0,0,12745486
164802938050,0,0,0,12751971
164802938050,0,0,0,12746681
164802938050,0,0,0,12740878
164802944664,0,0,0,12744633
164802944664,0,0,0,12739342
164802944664,0,0,0,12744292
164802944664,0,0,0,12746339
164802944664,0,0,0,12741390
164802951874,0,0,0,12739854
164802951874,0,0,0,12743097
164802951874,0,0,0,12748387
164802951874,0,0,0,12735246
164802951874,0,0,0,12737977
164802959373,0,0,0,12747022
164802959373,0,0,0,12747022
164802959373,0,0,0,12730126
164802959373,0,0,0,12738660
164802959373,0,0,0,12746510
164802966734,0,0,0,12739513
164802966734,0,0,0,12737977
164802966734,0,0,0,12741390
164802966734,0,0,0,12732004
164802966734,0,0,0,12745998
164802973501,0,0,0,12747534
164802973501,0,0,0,12744121
164802973501,0,0,0,12739854
164802973501,0,0,0,12745486
164802973501,0,0,0,12730980
164802980501,0,0,0,12737124
164802980501,0,0,0,12734052
164802980501,0,0,0,12744462
164802980501,0,0,0,12736612
164802980501,0,0,0,12742585
164802988236,0,0,0,12739172
164802988236,0,0,0,12738660
164802988236,0,0,0,12741049
164802988236,0,0,0,12750947
164802988236,0,0,0,12740196
164802995595,0,0,0,12747875
164802995595,0,0,0,12742244
164802995595,0,0,0,12737294
164802995595,0,0,0,12742414
164802995595,0,0,0,12744633
164803002308,0,0,0,12740366
164803002308,0,0,0,12735417
164803002308,0,0,0,12737294
164803002308,0,0,0,12737124
164803002308,0,0,0,12740366
164803009508,0,0,0,12739513
164803009508,0,0,0,12732686
164803009508,0,0,0,12740537
164803009508,0,0,0,12734734
164803009508,0,0,0,12744633
164803016883,0,0,0,12741049
164803016883,0,0,0,12743438
164803016883,0,0,0,12740878
164803016883,0,0,0,12742585
164803016883,0,0,0,12740025
164803024608,0,0,0,12747875
164803024608,0,0,0,12741732
164803024608,0,0,0,12738660
164803024608,0,0,0,12742244
164803024608,0,0,0,12745998
164803030937,0,0,0,12747705
164803030937,0,0,0,12745828
164803030937,0,0,0,12743950
164803030937,0,0,0,12744121
164803030937,0,0,0,12742244
164803038012,0,0,0,12740196
164803038012,0,0,0,12739342
164803038012,0,0,0,12744804
164803038012,0,0,0,12738318
164803038012,0,0,0,12746681
164803045076,0,0,0,12742414
164803045076,0,0,0,12742073
164803045076,0,0,0,12742585
164803045076,0,0,0,12741732
164803045076,0,0,0,12746339
164803052312,0,0,0,12747875
164803052312,0,0,0,12742756
164803052312,0,0,0,12743097
164803052312,0,0,0,12740878
164803052312,0,0,0,12748046
164803060005,0,0,0,12742756
164803060005,0,0,0,12739513
164803060005,0,0,0,12744804
164803060005,0,0,0,12740537
164803060005,0,0,0,12740878
164803066588,0,0,0,12735076
164803066588,0,0,0,12746169
164803066588,0,0,0,12739001
164803066588,0,0,0,12737977
164803066588,0,0,0,12742414
164803073801,0,0,0,12744462
164803073801,0,0,0,12739513
164803073801,0,0,0,12745486
164803073801,0,0,0,12743438
164803073801,0,0,0,12736100
164803080648,0,0,0,12734564
164803080648,0,0,0,12744462
164803080648,0,0,0,12740196
164803080648,0,0,0,12745145
164803080648,0,0,0,12738148
164803088056,0,0,0,12738148
164803088056,0,0,0,12738830
164803088056,0,0,0,12741561
164803088056,0,0,0,12740025
164803088056,0,0,0,12736953
164803095087,0,0,0,12738148
164803095087,0,0,0,12745657
164803095087,0,0,0,12738830
164803095087,0,0,0,12739684
164803095087,0,0,0,12742756
164803102597,0,0,0,12743950
164803102597,0,0,0,12740366
164803102597,0,0,0,12734393
164803102597,0,0,0,12746851
164803102597,0,0,0,12738489
164803110175,0,0,0,12741561
164803110175,0,0,0,12734564
164803110175,0,0,0,12738148
164803110175,0,0,0,12742073
164803110175,0,0,0,12740537
164803116925,0,0,0,12735929
164803116925,0,0,0,12737636
164803116925,0,0,0,12741220
164803116925,0,0,0,12744804
164803116925,0,0,0,12745486
164803124049,0,0,0,12739513
164803124049,0,0,0,12743438
164803124049,0,0,0,12743609
164803124049,0,0,0,12743609
164803124049,0,0,0,12743268
164803131418,0,0,0,12741561
164803131418,0,0,0,12741220
164803131418,0,0,0,12744121
164803131418,0,0,0,12740878
164803131418,0,0,0,12751289
164803138417,0,0,0,12737806
164803138417,0,0,0,12745657
164803138417,0,0,0,12746339
164803138417,0,0,0,12744462
164803138417,0,0,0,12743097
164803145770,0,0,0,12747022
164803145770,0,0,0,12745145
164803145770,0,0,0,12738830
164803145770,0,0,0,12742585
164803145770,0,0,0,12748046
164803152611,0,0,0,12751289
164803152611,0,0,0,12746510
164803152611,0,0,0,12745316
164803152611,0,0,0,12746339
164803152611,0,0,0,12750777
164803159719,0,0,0,12740025
164803159719,0,0,0,12736782
164803159719,0,0,0,12746339
164803159719,0,0,0,12737294
164803159719,0,0,0,12744121
164803166776,0,0,0,12743438
164803166776,0,0,0,12743268
164803166776,0,0,0,12744292
164803166776,0,0,0,12740708
164803166776,0,0,0,12748899
164803174221,0,0,0,12745828
164803174221,0,0,0,12751630
164803174221,0,0,0,12736612
164803174221,0,0,0,12741390
164803174221,0,0,0,12741902
164803181772,0,0,0,12748729
164803181772,0,0,0,12745828
164803181772,0,0,0,12743268
164803181772,0,0,0,12741732
164803181772,0,0,0,12745998
164803188482,0,0,0,12748729
164803188482,0,0,0,12746510
164803188482,0,0,0,12748558
164803188482,0,0,0,12744974
164803188482,0,0,0,12745998
164803196653,0,0,0,12745998
164803196653,0,0,0,12748387
164803196653,0,0,0,12739001
164803196653,0,0,0,12746339
164803196653,0,0,0,12746339
164803203120,0,0,0,12751971
164803203120,0,0,0,12749241
164803203120,0,0,0,12747534
164803203120,0,0,0,12742585
164803203120,0,0,0,12739001
164803209740,0,0,0,12739854
164803209740,0,0,0,12745657
164803209740,0,0,0,12743097
164803209740,0,0,0,12749582
164803209740,0,0,0,12744633
164803216879,0,0,0,12746510
164803216879,0,0,0,12745828
164803216879,0,0,0,12744121
164803216879,0,0,0,12746851
164803216879,0,0,0,12746681
164803224188,0,0,0,12750265
164803224188,0,0,0,12750947
164803224188,0,0,0,12748899
164803224188,0,0,0,12740366
164803224188,0,0,0,12755214
164803231138,0,0,0,12748217
164803231138,0,0,0,12746681
164803231138,0,0,0,12752313
164803231138,0,0,0,12740196
164803231138,0,0,0,12744121
164803238231,0,0,0,12741049
164803238231,0,0,0,12746681
164803238231,0,0,0,12748046
164803238231,0,0,0,12746339
164803238231,0,0,0,12750265
164803246196,0,0,0,12747705
164803246196,0,0,0,12747193
164803246196,0,0,0,12750777
164803246196,0,0,0,12746510
164803246196,0,0,0,12745657
164803253239,0,0,0,12744974
164803253239,0,0,0,12751289
164803253239,0,0,0,12744804
164803253239,0,0,0,12745486
164803253239,0,0,0,12751801
164803260682,0,0,0,12747534
164803260682,0,0,0,12750777
164803260682,0,0,0,12749241
164803260682,0,0,0,12749582
164803260682,0,0,0,12744804
164803267368,0,0,0,12751118
164803267368,0,0,0,12745145
164803267368,0,0,0,12746681
164803267368,0,0,0,12751459
164803267368,0,0,0,12750094
164803274929,0,0,0,12741220
164803274929,0,0,0,12743780
164803274929,0,0,0,12748387
164803274929,0,0,0,12746169
164803274929,0,0,0,12742756
164803281547,0,0,0,12740025
164803281547,0,0,0,12743609
164803281547,0,0,0,12749070
164803281547,0,0,0,12740025
164803281547,0,0,0,12743950
164803288406,0,0,0,12744292
164803288406,0,0,0,12747875
164803288406,0,0,0,12749923
164803288406,0,0,0,12754531
164803288406,0,0,0,12749241
164803296262,0,0,0,12750777
164803296262,0,0,0,12749411
164803296262,0,0,0,12750947
164803296262,0,0,0,12749241
164803296262,0,0,0,12748558
164803303338,0,0,0,12744633
164803303338,0,0,0,12758627
164803303338,0,0,0,12752654
164803303338,0,0,0,12748558
164803303338,0,0,0,12748558
164803310354,0,0,0,12749241
164803310354,0,0,0,12749582
164803310354,0,0,0,12743268
164803310354,0,0,0,12749070
164803310354,0,0,0,12746851
164803317511,0,0,0,12748558
164803317511,0,0,0,12749923
164803317511,0,0,0,12741390
164803317511,0,0,0,12746681
164803317511,0,0,0,12747534
164803325020,0,0,0,12751118
164803325020,0,0,0,12748899
164803325020,0,0,0,12747022
164803325020,0,0,0,12751801
164803325020,0,0,0,12748046
164803331444,0,0,0,12751801
164803331444,0,0,0,12742244
164803331444,0,0,0,12750094
164803331444,0,0,0,12743438
164803331444,0,0,0,12744462
164803338794,0,0,0,12745828
164803338794,0,0,0,12747363
164803338794,0,0,0,12746169
164803338794,0,0,0,12753678
164803338794,0,0,0,12748558
164803346710,0,0,0,12740025
164803346710,0,0,0,12745828
164803346710,0,0,0,12747193
164803346710,0,0,0,12747022
164803346710,0,0,0,12744121
164803352883,0,0,0,12747705
164803352883,0,0,0,12744804
164803352883,0,0,0,12751971
164803352883,0,0,0,12745998
164803352883,0,0,0,12745998
164803360472,0,0,0,12747022
164803360472,0,0,0,12752483
164803360472,0,0,0,12752142
164803360472,0,0,0,12742073
164803360472,0,0,0,12748558
164803368480,0,0,0,12742244
164803368480,0,0,0,12749070
164803368480,0,0,0,12757433
164803368480,0,0,0,12745657
164803368480,0,0,0,12741390
164803374317,0,0,0,12751289
164803374317,0,0,0,12754702
164803374317,0,0,0,12741732
164803374317,0,0,0,12737124
164803374317,0,0,0,12745486
164803381166,0,0,0,12750947
164803381166,0,0,0,12744804
164803381166,0,0,0,12749923
164803381166,0,0,0,12745486
164803381166,0,0,0,12755385
164803389880,0,0,0,12754702
164803389880,0,0,0,12740708
164803389880,0,0,0,12745998
164803389880,0,0,0,12750265
164803389880,0,0,0,12744292
164803395862,0,0,0,12748046
164803395862,0,0,0,12750606
164803395862,0,0,0,12749070
164803395862,0,0,0,12749923
164803395862,0,0,0,12749070
164803403034,0,0,0,12749241
164803403034,0,0,0,12750777
164803403034,0,0,0,12749753
164803403034,0,0,0,12744633
164803403034,0,0,0,12740366
164803410836,0,0,0,12746681
164803410836,0,0,0,12749923
164803410836,0,0,0,12752995
164803410836,0,0,0,12741390
164803410836,0,0,0,12743268
164803417135,0,0,0,12737977
164803417135,0,0,0,12744974
164803417135,0,0,0,12749582
164803417135,0,0,0,12749070
164803417135,0,0,0,12745828
164803424205,0,0,0,12746169
164803424205,0,0,0,12749411
164803424205,0,0,0,12742926
164803424205,0,0,0,12746339
164803424205,0,0,0,12749241
164803431529,0,0,0,12751289
164803431529,0,0,0,12751289
164803431529,0,0,0,12747193
164803431529,0,0,0,12749411
164803431529,0,0,0,12744292
164803438370,0,0,0,12751971
164803438370,0,0,0,12745657
164803438370,0,0,0,12744633
164803438370,0,0,0,12749241
164803438370,0,0,0,12751118
164803445924,0,0,0,12747022
164803445924,0,0,0,12746169
164803445924,0,0,0,12751289
164803445924,0,0,0,12745657
164803445924,0,0,0,12740196
164803453097,0,0,0,12747022
164803453097,0,0,0,12752825
164803453097,0,0,0,12745145
164803453097,0,0,0,12756921
164803453097,0,0,0,12740196
164803460339,0,0,0,12742756
164803460339,0,0,0,12746339
164803460339,0,0,0,12748899
164803460339,0,0,0,12744462
164803460339,0,0,0,12747193
164803466965,0,0,0,12745998
164803466965,0,0,0,12746339
164803466965,0,0,0,12745657
164803466965,0,0,0,12748046
164803466965,0,0,0,12754190
164803474508,0,0,0,12754361
164803474508,0,0,0,12745828
164803474508,0,0,0,12748217
164803474508,0,0,0,12744292
164803474508,0,0,0,12748558
164803481805,0,0,0,12744633
164803481805,0,0,0,12746339
164803481805,0,0,0,12750777
164803481805,0,0,0,12747022
164803481805,0,0,0,12747363
164803488802,0,0,0,12751459
164803488802,0,0,0,12750094
164803488802,0,0,0,12744121
164803488802,0,0,0,12746169
164803488802,0,0,0,12749241
164803495786,0,0,0,12744292
164803495786,0,0,0,12742756
164803495786,0,0,0,12745486
164803495786,0,0,0,12746169
164803495786,0,0,0,12749411
164803503666,0,0,0,12748387
164803503666,0,0,0,12737806
164803503666,0,0,0,12746339
164803503666,0,0,0,12753507
164803503666,0,0,0,12744462
164803510074,0,0,0,12755555
164803510074,0,0,0,12744804
164803510074,0,0,0,12747534
164803510074,0,0,0,12743609
164803510074,0,0,0,12755043
164803517764,0,0,0,12748387
164803517764,0,0,0,12746339
164803517764,0,0,0,12744804
164803517764,0,0,0,12741220
164803517764,0,0,0,12750435
164803524758,0,0,0,12740878
164803524758,0,0,0,12747022
164803524758,0,0,0,12749411
164803524758,0,0,0,12748387
164803524758,0,0,0,12744804
164803531439,0,0,0,12744974
164803531439,0,0,0,12748217
164803531439,0,0,0,12746681
164803531439,0,0,0,12743438
164803531439,0,0,0,12750947
164803539626,0,0,0,12742073
164803539626,0,0,0,12742585
164803539626,0,0,0,12745486
164803539626,0,0,0,12751289
164803539626,0,0,0,12754531
164803546045,0,0,0,12738489
164803546045,0,0,0,12756921
164803546045,0,0,0,12740196
164803546045,0,0,0,12743950
164803546045,0,0,0,12740025
164803553194,0,0,0,12742414
164803553194,0,0,0,12745998
164803553194,0,0,0,12746169
164803553194,0,0,0,12749753
164803553194,0,0,0,12746169
164803560429,0,0,0,12737806
164803560429,0,0,0,12744121
164803560429,0,0,0,12748558
164803560429,0,0,0,12744804
164803560429,0,0,0,12745316
164803567775,0,0,0,12750435
164803567775,0,0,0,12745316
164803567775,0,0,0,12736270
164803567775,0,0,0,12740878
164803567775,0,0,0,12742926
164803574626,0,0,0,12750777
164803574626,0,0,0,12746169
164803574626,0,0,0,12744633
164803574626,0,0,0,12746339
164803574626,0,0,0,12747875
164803581959,0,0,0,12742244
164803581959,0,0,0,12748558
164803581959,0,0,0,12744974
164803581959,0,0,0,12759481
164803581959,0,0,0,12748899
164803588990,0,0,0,12743780
164803588990,0,0,0,12745316
164803588990,0,0,0,12754702
164803588990,0,0,0,12744974
164803588990,0,0,0,12743780
164803597151,0,0,0,12742244
164803597151,0,0,0,12744974
164803597151,0,0,0,12744633
164803597151,0,0,0,12743609
164803597151,0,0,0,12748046
164803603436,0,0,0,12740196
164803603436,0,0,0,12752654
164803603436,0,0,0,12749923
164803603436,0,0,0,12744804
164803603436,0,0,0,12745145
164803610278,0,0,0,12745486
164803610278,0,0,0,12746851
164803610278,0,0,0,12745828
164803610278,0,0,0,12741902
164803610278,0,0,0,12744804
164803618519,0,0,0,12741902
164803618519,0,0,0,12747363
164803618519,0,0,0,12739513
164803618519,0,0,0,12744804
164803618519,0,0,0,12742073
164803624867,0,0,0,12740196
164803624867,0,0,0,12748899
164803624867,0,0,0,12748899
164803624867,0,0,0,12743780
164803624867,0,0,0,12744292
164803632058,0,0,0,12741902
164803632058,0,0,0,12749411
164803632058,0,0,0,12740708
164803632058,0,0,0,12743950
164803632058,0,0,0,12742414
164803639292,0,0,0,12738830
164803639292,0,0,0,12751118
164803639292,0,0,0,12740537
164803639292,0,0,0,12741732
164803639292,0,0,0,12739684
164803646046,0,0,0,12747875
164803646046,0,0,0,12743097
164803646046,0,0,0,12748387
164803646046,0,0,0,12741049
164803646046,0,0,0,12746681
164803653619,0,0,0,12742414
164803653619,0,0,0,12747193
164803653619,0,0,0,12747022
164803653619,0,0,0,12742414
164803653619,0,0,0,12733881
164803661156,0,0,0,12740878
164803661156,0,0,0,12738148
164803661156,0,0,0,12747875
164803661156,0,0,0,12741732
164803661156,0,0,0,12745998
164803667929,0,0,0,12741390
164803667929,0,0,0,12740708
164803667929,0,0,0,12749411
164803667929,0,0,0,12739342
164803667929,0,0,0,12742585
164803675540,0,0,0,12746851
164803675540,0,0,0,12751801
164803675540,0,0,0,12744121
164803675540,0,0,0,12745486
164803675540,0,0,0,12747363
164803682406,0,0,0,12750265
164803682406,0,0,0,12743950
164803682406,0,0,0,12739513
164803682406,0,0,0,12748558
164803682406,0,0,0,12736953
164803689409,0,0,0,12741902
164803689409,0,0,0,12745998
164803689409,0,0,0,12742585
164803689409,0,0,0,12743950
164803689409,0,0,0,12739342
164803696648,0,0,0,12745486
164803696648,0,0,0,12740366
164803696648,0,0,0,12746169
164803696648,0,0,0,12742414
164803696648,0,0,0,12743780
164803703580,0,0,0,12742244
164803703580,0,0,0,12743950
164803703580,0,0,0,12745486
164803703580,0,0,0,12740025
164803703580,0,0,0,12742756
164803710697,0,0,0,12736782
164803710697,0,0,0,12736612
164803710697,0,0,0,12748729
164803710697,0,0,0,12737977
164803710697,0,0,0,12738318
164803719016,0,0,0,12740878
164803719016,0,0,0,12741390
164803719016,0,0,0,12732857
164803719016,0,0,0,12729785
164803719016,0,0,0,12742244
164803725278,0,0,0,12734052
164803725278,0,0,0,12734734
164803725278,0,0,0,12735246
164803725278,0,0,0,12740025
164803725278,0,0,0,12742244
164803732512,0,0,0,12750606
164803732512,0,0,0,12739001
164803732512,0,0,0,12737124
164803732512,0,0,0,12737806
164803732512,0,0,0,12739001
164803740340,0,0,0,12742926
164803740340,0,0,0,12740025
164803740340,0,0,0,12732004
164803740340,0,0,0,12740025
164803740340,0,0,0,12745316
164803746606,0,0,0,12745145
164803746606,0,0,0,12736441
164803746606,0,0,0,12736782
164803746606,0,0,0,12734564
164803746606,0,0,0,12740196
164803754011,0,0,0,12736612
164803754011,0,0,0,12737806
164803754011,0,0,0,12736270
164803754011,0,0,0,12742244
164803754011,0,0,0,12740708
164803761050,0,0,0,12738489
164803761050,0,0,0,12741902
164803761050,0,0,0,12733198
164803761050,0,0,0,12743609
164803761050,0,0,0,12732857
164803767835,0,0,0,12734905
164803767835,0,0,0,12733028
164803767835,0,0,0,12739172
164803767835,0,0,0,12736100
164803767835,0,0,0,12732174
164803775304,0,0,0,12735929
164803775304,0,0,0,12743268
164803775304,0,0,0,12739001
164803775304,0,0,0,12732857
164803775304,0,0,0,12742073
164803782297,0,0,0,12739513
164803782297,0,0,0,12733710
164803782297,0,0,0,12739854
164803782297,0,0,0,12740196
164803782297,0,0,0,12735758
164803789442,0,0,0,12736100
164803789442,0,0,0,12743438
164803789442,0,0,0,12745998
164803789442,0,0,0,12740025
164803789442,0,0,0,12741561
164803796381,0,0,0,12738318
164803796381,0,0,0,12734734
164803796381,0,0,0,12739342
164803796381,0,0,0,12735076
164803796381,0,0,0,12736100
164803804028,0,0,0,12736100
164803804028,0,0,0,12740025
164803804028,0,0,0,12733369
164803804028,0,0,0,12739513
164803804028,0,0,0,12739513
164803811037,0,0,0,12738830
164803811037,0,0,0,12740196
164803811037,0,0,0,12736441
164803811037,0,0,0,12733881
164803811037,0,0,0,12732345
164803818124,0,0,0,12741220
164803818124,0,0,0,12740196
164803818124,0,0,0,12741561
164803818124,0,0,0,12733881
164803818124,0,0,0,12734564
164803825315,0,0,0,12736270
164803825315,0,0,0,12740878
164803825315,0,0,0,12740366
164803825315,0,0,0,12741561
164803825315,0,0,0,12742073
164803832361,0,0,0,12733028
164803832361,0,0,0,12738148
164803832361,0,0,0,12734393
164803832361,0,0,0,12738318
164803832361,0,0,0,12741049
164803839318,0,0,0,12738148
164803839318,0,0,0,12736953
164803839318,0,0,0,12733881
164803839318,0,0,0,12734052
164803839318,0,0,0,12740537
164803846564,0,0,0,12741561
164803846564,0,0,0,12734564
164803846564,0,0,0,12744633
164803846564,0,0,0,12735758
164803846564,0,0,0,12732686
164803853792,0,0,0,12734564
164803853792,0,0,0,12738148
164803853792,0,0,0,12741390
164803853792,0,0,0,12739684
164803853792,0,0,0,12736782
164803861157,0,0,0,12734564
164803861157,0,0,0,12740025
164803861157,0,0,0,12732345
164803861157,0,0,0,12739513
164803861157,0,0,0,12740025
164803868515,0,0,0,12737124
164803868515,0,0,0,12738660
164803868515,0,0,0,12742244
164803868515,0,0,0,12740366
164803868515,0,0,0,12738489
164803874976,0,0,0,12743438
164803874976,0,0,0,12734564
164803874976,0,0,0,12734905
164803874976,0,0,0,12733881
164803874976,0,0,0,12735588
164803882198,0,0,0,12746851
164803882198,0,0,0,12739001
164803882198,0,0,0,12739513
164803882198,0,0,0,12742585
164803882198,0,0,0,12741732
164803889589,0,0,0,12739001
164803889589,0,0,0,12741220
164803889589,0,0,0,12736100
164803889589,0,0,0,12734222
164803889589,0,0,0,12734052
164803899182,0,0,0,12738318
164803899182,0,0,0,12731833
164803899182,0,0,0,12734905
164803899182,0,0,0,12734393
164803899182,0,0,0,12737977
164803903718,0,0,0,12740708
164803903718,0,0,0,12742073
164803903718,0,0,0,12740025
164803903718,0,0,0,12737977
164803903718,0,0,0,12743268
164803910863,0,0,0,12735758
164803910863,0,0,0,12741561
164803910863,0,0,0,12736953
164803910863,0,0,0,12738830
164803910863,0,0,0,12740366
164803918107,0,0,0,12735929
164803918107,0,0,0,12751801
164803918107,0,0,0,12740025
164803918107,0,0,0,12744462
164803918107,0,0,0,12743268
164803925339,0,0,0,12736441
164803925339,0,0,0,12733540
164803925339,0,0,0,12735588
164803925339,0,0,0,12736100
164803925339,0,0,0,12745145
164803932509,0,0,0,12738489
164803932509,0,0,0,12737465
164803932509,0,0,0,12738830
164803932509,0,0,0,12734222
164803932509,0,0,0,12735588
164803940370,0,0,0,12733881
164803940370,0,0,0,12739854
164803940370,0,0,0,12739854
164803940370,0,0,0,12739854
164803940370,0,0,0,12746510
164803946759,0,0,0,12740196
164803946759,0,0,0,12738148
164803946759,0,0,0,12735417
164803946759,0,0,0,12735246
164803946759,0,0,0,12737636
164803954220,0,0,0,12743780
164803954220,0,0,0,12741390
164803954220,0,0,0,12740196
164803954220,0,0,0,12743950
164803954220,0,0,0,12741732
164803961887,0,0,0,12741390
164803961887,0,0,0,12741220
164803961887,0,0,0,12747363
164803961887,0,0,0,12744804
164803961887,0,0,0,12736612
164803968229,0,0,0,12738318
164803968229,0,0,0,12743950
164803968229,0,0,0,12735246
164803968229,0,0,0,12740025
164803968229,0,0,0,12742244
164803975749,0,0,0,12744804
164803975749,0,0,0,12739854
164803975749,0,0,0,12742585
164803975749,0,0,0,12737977
164803975749,0,0,0,12735417
164803983057,0,0,0,12737977
164803983057,0,0,0,12738318
164803983057,0,0,0,12743438
164803983057,0,0,0,12740025
164803983057,0,0,0,12740878
164803990343,0,0,0,12744121
164803990343,0,0,0,12737806
164803990343,0,0,0,12734393
164803990343,0,0,0,12739684
164803990343,0,0,0,12738830
164803996955,0,0,0,12735588
164803996955,0,0,0,12735417
164803996955,0,0,0,12736782
164803996955,0,0,0,12740025
164803996955,0,0,0,12746169
164804004110,0,0,0,12742414
164804004110,0,0,0,12748729
164804004110,0,0,0,12742926
164804004110,0,0,0,12748217
164804004110,0,0,0,12744462
164804011300,0,0,0,12746510
164804011300,0,0,0,12742926
164804011300,0,0,0,12740025
164804011300,0,0,0,12747022
164804011300,0,0,0,12755555
164804018896,0,0,0,12741902
164804018896,0,0,0,12746169
164804018896,0,0,0,12747022
164804018896,0,0,0,12740708
164804018896,0,0,0,12746169
164804025557,0,0,0,12739342
164804025557,0,0,0,12744974
164804025557,0,0,0,12743268
164804025557,0,0,0,12742926
164804025557,0,0,0,12741220
164804033597,0,0,0,12736441
164804033597,0,0,0,12736612
164804033597,0,0,0,12741561
164804033597,0,0,0,12743950
164804033597,0,0,0,12745828
164804040173,0,0,0,12741049
164804040173,0,0,0,12743438
164804040173,0,0,0,12734052
164804040173,0,0,0,12739513
164804040173,0,0,0,12744292
164804048235,0,0,0,12735417
164804048235,0,0,0,12741220
164804048235,0,0,0,12744462
164804048235,0,0,0,12747705
164804048235,0,0,0,12743097
164804054822,0,0,0,12742073
164804054822,0,0,0,12747534
164804054822,0,0,0,12741732
164804054822,0,0,0,12742756
164804054822,0,0,0,12744974
164804061154,0,0,0,12748558
164804061154,0,0,0,12740366
164804061154,0,0,0,12739342
164804061154,0,0,0,12746681
164804061154,0,0,0,12737977
164804068243,0,0,0,12740025
164804068243,0,0,0,12744292
164804068243,0,0,0,12745316
164804068243,0,0,0,12742073
164804068243,0,0,0,12753166
164804076042,0,0,0,12746851
164804076042,0,0,0,12740196
164804076042,0,0,0,12747875
164804076042,0,0,0,12747875
164804076042,0,0,0,12740878
164804155895,0,0,0,12749070
164804155895,0,0,0,12744974
164804155895,0,0,0,12740025
164804155895,0,0,0,12741561
164804155895,0,0,0,12741902
164804156789,0,0,0,12745828
164804156789,0,0,0,12743950
164804156789,0,0,0,12739172
164804156789,0,0,0,12742244
164804156789,0,0,0,12744121
164804157678,0,0,0,12737465
164804157678,0,0,0,12740878
164804157678,0,0,0,12730468
164804157678,0,0,0,12745828
164804157678,0,0,0,12743950
164804158605,0,0,0,12737977
164804158605,0,0,0,12740537
164804158605,0,0,0,12741220
164804158605,0,0,0,12741390
164804158605,0,0,0,12742414
164804159379,0,0,0,12741049
164804159379,0,0,0,12739513
164804159379,0,0,0,12745998
164804159379,0,0,0,12736100
164804159379,0,0,0,12745486
164804160115,0,0,0,12742756
164804160115,0,0,0,12743780
164804160115,0,0,0,12739684
164804160115,0,0,0,12748217
164804160115,0,0,0,12742926
164804161141,0,0,0,12735758
164804161141,0,0,0,12748046
164804161141,0,0,0,12746681
164804161141,0,0,0,12739513
164804161141,0,0,0,12747363
164804162065,0,0,0,12744462
164804162065,0,0,0,12742926
164804162065,0,0,0,12735417
164804162065,0,0,0,12740878
164804162065,0,0,0,12739854
164804167897,0,0,0,12745657
164804167897,0,0,0,12741049
164804167897,0,0,0,12744804
164804167897,0,0,0,12747705
164804167897,0,0,0,12744633
164804175426,0,0,0,12740025
164804175426,0,0,0,12741732
164804175426,0,0,0,12744292
164804175426,0,0,0,12748387
164804175426,0,0,0,12737806
164804182198,0,0,0,12746851
164804182198,0,0,0,12746169
164804182198,0,0,0,12739854
164804182198,0,0,0,12740708
164804182198,0,0,0,12742756
164804189538,0,0,0,12750947
164804189538,0,0,0,12744121
164804189538,0,0,0,12736100
164804189538,0,0,0,12752142
164804189538,0,0,0,12741902
164804196511,0,0,0,12744292
164804196511,0,0,0,12742926
164804196511,0,0,0,12746681
164804196511,0,0,0,12747363
164804196511,0,0,0,12745998
164804203749,0,0,0,12741220
164804203749,0,0,0,12739342
164804203749,0,0,0,12739854
164804203749,0,0,0,12745657
164804203749,0,0,0,12744292
164804210952,0,0,0,12745657
164804210952,0,0,0,12740708
164804210952,0,0,0,12744462
164804210952,0,0,0,12745145
164804210952,0,0,0,12743950
164804218188,0,0,0,12736953
164804218188,0,0,0,12744292
164804218188,0,0,0,12749411
164804218188,0,0,0,12744633
164804218188,0,0,0,12743609
164804225237,0,0,0,12739513
164804225237,0,0,0,12741049
164804225237,0,0,0,12749411
164804225237,0,0,0,12750435
164804225237,0,0,0,12741902
164804232448,0,0,0,12745145
164804232448,0,0,0,12732345
164804232448,0,0,0,12743780
164804232448,0,0,0,12748217
164804232448,0,0,0,12739342
164804239632,0,0,0,12748558
164804239632,0,0,0,12736270
164804239632,0,0,0,12751459
164804239632,0,0,0,12739342
164804239632,0,0,0,12754361
164804246860,0,0,0,12742926
164804246860,0,0,0,12740196
164804246860,0,0,0,12739684
164804246860,0,0,0,12749753
164804246860,0,0,0,12739001
164804254247,0,0,0,12740537
164804254247,0,0,0,12742756
164804254247,0,0,0,12741220
164804254247,0,0,0,12741390
164804254247,0,0,0,12744804
164804261088,0,0,0,12740366
164804261088,0,0,0,12742585
164804261088,0,0,0,12742414
164804261088,0,0,0,12743438
164804261088,0,0,0,12746681
164804268252,0,0,0,12737636
164804268252,0,0,0,12745998
164804268252,0,0,0,12745145
164804268252,0,0,0,12738318
164804268252,0,0,0,12747193
164804275216,0,0,0,12739172
164804275216,0,0,0,12739001
164804275216,0,0,0,12747193
164804275216,0,0,0,12745998
164804275216,0,0,0,12742244
164804282666,0,0,0,12740366
164804282666,0,0,0,12744974
164804282666,0,0,0,12742073
164804282666,0,0,0,12742926
164804282666,0,0,0,12739172
164804289688,0,0,0,12746169
164804289688,0,0,0,12735758
164804289688,0,0,0,12750435
164804289688,0,0,0,12742926
164804289688,0,0,0,12740025
164804296897,0,0,0,12745145
164804296897,0,0,0,12751118
164804296897,0,0,0,12737636
164804296897,0,0,0,12737977
164804296897,0,0,0,12749411
164804304057,0,0,0,12747022
164804304057,0,0,0,12744121
164804304057,0,0,0,12747363
164804304057,0,0,0,12739342
164804304057,0,0,0,12745486
164804311068,0,0,0,12741390
164804311068,0,0,0,12742414
164804311068,0,0,0,12741390
164804311068,0,0,0,12747022
164804311068,0,0,0,12745828
164804318400,0,0,0,12741220
164804318400,0,0,0,12749241
164804318400,0,0,0,12745316
164804318400,0,0,0,12748558
164804318400,0,0,0,12741049
164804325310,0,0,0,12739172
164804325310,0,0,0,12747534
164804325310,0,0,0,12741390
164804325310,0,0,0,12743097
164804325310,0,0,0,12743097
164804332703,0,0,0,12756579
164804332703,0,0,0,12741220
164804332703,0,0,0,12745145
164804332703,0,0,0,12749923
164804332703,0,0,0,12745998
164804339854,0,0,0,12746851
164804339854,0,0,0,12748046
164804339854,0,0,0,12745145
164804339854,0,0,0,12745657
164804339854,0,0,0,12748387
164804346895,0,0,0,12745828
164804346895,0,0,0,12738830
164804346895,0,0,0,12746339
164804346895,0,0,0,12741049
164804346895,0,0,0,12739684
164804354226,0,0,0,12739684
164804354226,0,0,0,12747193
164804354226,0,0,0,12741902
164804354226,0,0,0,12755214
164804354226,0,0,0,12743780
164804361199,0,0,0,12742926
164804361199,0,0,0,12746169
164804361199,0,0,0,12742585
164804361199,0,0,0,12738148
164804361199,0,0,0,12745998
164804368643,0,0,0,12742926
164804368643,0,0,0,12744804
164804368643,0,0,0,12744292
164804368643,0,0,0,12744292
164804368643,0,0,0,12745657
164804376122,0,0,0,12740196
164804376122,0,0,0,12747534
164804376122,0,0,0,12748387
164804376122,0,0,0,12742756
164804376122,0,0,0,12745145
164804382632,0,0,0,12741902
164804382632,0,0,0,12739513
164804382632,0,0,0,12745828
164804382632,0,0,0,12734905
164804382632,0,0,0,12744633
164804389782,0,0,0,12739684
164804389782,0,0,0,12740366
164804389782,0,0,0,12745828
164804389782,0,0,0,12743097
164804389782,0,0,0,12743097
164804396993,0,0,0,12738148
164804396993,0,0,0,12749582
164804396993,0,0,0,12750435
164804396993,0,0,0,12746510
164804396993,0,0,0,12742926
164804404280,0,0,0,12744121
164804404280,0,0,0,12735417
164804404280,0,0,0,12745145
164804404280,0,0,0,12743950
164804404280,0,0,0,12746169
164804411230,0,0,0,12738318
164804411230,0,0,0,12743438
164804411230,0,0,0,12743268
164804411230,0,0,0,12740366
164804411230,0,0,0,12741732
164804418383,0,0,0,12746169
164804418383,0,0,0,12743609
164804418383,0,0,0,12745316
164804418383,0,0,0,12742414
164804418383,0,0,0,12741902
164804425567,0,0,0,12746681
164804425567,0,0,0,12743609
164804425567,0,0,0,12744121
164804425567,0,0,0,12743268
164804425567,0,0,0,12738660
164804432963,0,0,0,12745998
164804432963,0,0,0,12745486
164804432963,0,0,0,12741390
164804432963,0,0,0,12746681
164804432963,0,0,0,12748046
164804439920,0,0,0,12739854
164804439920,0,0,0,12740537
164804439920,0,0,0,12744804
164804439920,0,0,0,12739684
164804439920,0,0,0,12738489
164804447110,0,0,0,12742414
164804447110,0,0,0,12737977
164804447110,0,0,0,12746510
164804447110,0,0,0,12747022
164804447110,0,0,0,12740708
164804454352,0,0,0,12747705
164804454352,0,0,0,12742414
164804454352,0,0,0,12741049
164804454352,0,0,0,12740025
164804454352,0,0,0,12739001
164804461306,0,0,0,12734052
164804461306,0,0,0,12742073
164804461306,0,0,0,12743950
164804461306,0,0,0,12749241
164804461306,0,0,0,12748558
164804468590,0,0,0,12739854
164804468590,0,0,0,12745316
164804468590,0,0,0,12744121
164804468590,0,0,0,12741902
164804468590,0,0,0,12742756
164804475610,0,0,0,12738660
164804475610,0,0,0,12739001
164804475610,0,0,0,12737977
164804475610,0,0,0,12742414
164804475610,0,0,0,12742244
164804482991,0,0,0,12743438
164804482991,0,0,0,12743609
164804482991,0,0,0,12741732
164804482991,0,0,0,12742756
164804482991,0,0,0,12742926
164804490391,0,0,0,12745145
164804490391,0,0,0,12747534
164804490391,0,0,0,12736612
164804490391,0,0,0,12748387
164804490391,0,0,0,12740025
164804497312,0,0,0,12739684
164804497312,0,0,0,12747363
164804497312,0,0,0,12743950
164804497312,0,0,0,12742585
164804497312,0,0,0,12749753
164804504892,0,0,0,12740708
164804504892,0,0,0,12735929
164804504892,0,0,0,12741561
164804504892,0,0,0,12744292
164804504892,0,0,0,12750094
164804511828,0,0,0,12740025
164804511828,0,0,0,12739342
164804511828,0,0,0,12741902
164804511828,0,0,0,12743438
164804511828,0,0,0,12741390
164804518563,0,0,0,12741561
164804518563,0,0,0,12747705
164804518563,0,0,0,12742756
164804518563,0,0,0,12735929
164804518563,0,0,0,12743780
164804525722,0,0,0,12744292
164804525722,0,0,0,12739342
164804525722,0,0,0,12743097
164804525722,0,0,0,12738830
164804525722,0,0,0,12745486
164804533159,0,0,0,12747534
164804533159,0,0,0,12741220
164804533159,0,0,0,12744804
164804533159,0,0,0,12743609
164804533159,0,0,0,12739684
164804540009,0,0,0,12736612
164804540009,0,0,0,12747875
164804540009,0,0,0,12745486
164804540009,0,0,0,12747705
164804540009,0,0,0,12736782
164804547461,0,0,0,12741561
164804547461,0,0,0,12743438
164804547461,0,0,0,12743950
164804547461,0,0,0,12744974
164804547461,0,0,0,12739513
164804554591,0,0,0,12740708
164804554591,0,0,0,12744462
164804554591,0,0,0,12740537
164804554591,0,0,0,12740878
164804554591,0,0,0,12745657
164804561977,0,0,0,12742926
164804561977,0,0,0,12744974
164804561977,0,0,0,12742926
164804561977,0,0,0,12748729
164804561977,0,0,0,12743268
164804568812,0,0,0,12742073
164804568812,0,0,0,12743780
164804568812,0,0,0,12745828
164804568812,0,0,0,12740196
164804568812,0,0,0,12743097
164804576277,0,0,0,12740196
164804576277,0,0,0,12743780
164804576277,0,0,0,12733369
164804576277,0,0,0,12745486
164804576277,0,0,0,12734564
164804583579,0,0,0,12743268
164804583579,0,0,0,12744804
164804583579,0,0,0,12740878
164804583579,0,0,0,12740878
164804583579,0,0,0,12744633
164804590707,0,0,0,12740878
164804590707,0,0,0,12740366
164804590707,0,0,0,12744804
164804590707,0,0,0,12750606
164804590707,0,0,0,12743268
164804597663,0,0,0,12751289
164804597663,0,0,0,12747363
164804597663,0,0,0,12743438
164804597663,0,0,0,12738148
164804597663,0,0,0,12747193
164804604895,0,0,0,12742414
164804604895,0,0,0,12739001
164804604895,0,0,0,12745486
164804604895,0,0,0,12745828
164804604895,0,0,0,12740537
164804612050,0,0,0,12745316
164804612050,0,0,0,12748217
164804612050,0,0,0,12745145
164804612050,0,0,0,12742244
164804612050,0,0,0,12746851
164804619369,0,0,0,12740708
164804619369,0,0,0,12742073
164804619369,0,0,0,12735246
164804619369,0,0,0,12748558
164804619369,0,0,0,12741049
164804626828,0,0,0,12746681
164804626828,0,0,0,12744292
164804626828,0,0,0,12747534
164804626828,0,0,0,12740366
164804626828,0,0,0,12744974
164804633324,0,0,0,12738318
164804633324,0,0,0,12739172
164804633324,0,0,0,12736100
164804633324,0,0,0,12740537
164804633324,0,0,0,12745316
164804640648,0,0,0,12749070
164804640648,0,0,0,12743438
164804640648,0,0,0,12746681
164804640648,0,0,0,12750265
164804640648,0,0,0,12744633
164804647549,0,0,0,12745486
164804647549,0,0,0,12743438
164804647549,0,0,0,12741732
164804647549,0,0,0,12745145
164804647549,0,0,0,12743097
164804654720,0,0,0,12754873
164804654720,0,0,0,12742926
164804654720,0,0,0,12741902
164804654720,0,0,0,12748217
164804654720,0,0,0,12750094
164804662285,0,0,0,12737294
164804662285,0,0,0,12749241
164804662285,0,0,0,12751971
164804662285,0,0,0,12748046
164804662285,0,0,0,12744633
164804669113,0,0,0,12750094
164804669113,0,0,0,12750265
164804669113,0,0,0,12744804
164804669113,0,0,0,12750435
164804669113,0,0,0,12747534
164804676168,0,0,0,12751118
164804676168,0,0,0,12739854
164804676168,0,0,0,12745486
164804676168,0,0,0,12743438
164804676168,0,0,0,12745828
164804683673,0,0,0,12753507
164804683673,0,0,0,12748217
164804683673,0,0,0,12742414
164804683673,0,0,0,12740878
164804683673,0,0,0,12744974
164804690451,0,0,0,12741732
164804690451,0,0,0,12743609
164804690451,0,0,0,12748899
164804690451,0,0,0,12737806
164804690451,0,0,0,12740878
164804697814,0,0,0,12738660
164804697814,0,0,0,12746510
164804697814,0,0,0,12749753
164804697814,0,0,0,12747875
164804697814,0,0,0,12743780
164804704897,0,0,0,12743950
164804704897,0,0,0,12737124
164804704897,0,0,0,12745486
164804704897,0,0,0,12747193
164804704897,0,0,0,12742073
164804712155,0,0,0,12743950
164804712155,0,0,0,12740878
164804712155,0,0,0,12749241
164804712155,0,0,0,12738660
164804712155,0,0,0,12737636
164804719182,0,0,0,12739342
164804719182,0,0,0,12741732
164804719182,0,0,0,12741220
164804719182,0,0,0,12739684
164804719182,0,0,0,12744633
164804726255,0,0,0,12746851
164804726255,0,0,0,12748046
164804726255,0,0,0,12746681
164804726255,0,0,0,12748046
164804726255,0,0,0,12737977
164804733485,0,0,0,12743950
164804733485,0,0,0,12745145
164804733485,0,0,0,12745657
164804733485,0,0,0,12740708
164804733485,0,0,0,12741049
164804740946,0,0,0,12755214
164804740946,0,0,0,12746169
164804740946,0,0,0,12735758
164804740946,0,0,0,12740878
164804740946,0,0,0,12742244
164804747770,0,0,0,12740537
164804747770,0,0,0,12751801
164804747770,0,0,0,12745145
164804747770,0,0,0,12746851
164804747770,0,0,0,12743780
164804755565,0,0,0,12745998
164804755565,0,0,0,12744804
164804755565,0,0,0,12742926
164804755565,0,0,0,12748387
164804755565,0,0,0,12748046
164804762141,0,0,0,12742926
164804762141,0,0,0,12741732
164804762141,0,0,0,12741220
164804762141,0,0,0,12743609
164804762141,0,0,0,12736953
164804769248,0,0,0,12740196
164804769248,0,0,0,12738830
164804769248,0,0,0,12741902
164804769248,0,0,0,12741561
164804769248,0,0,0,12747875
164804776392,0,0,0,12745657
164804776392,0,0,0,12739684
164804776392,0,0,0,12747705
164804776392,0,0,0,12743097
164804776392,0,0,0,12739001
164804783587,0,0,0,12746681
164804783587,0,0,0,12743268
164804783587,0,0,0,12740025
164804783587,0,0,0,12740196
164804783587,0,0,0,12740878
164804790728,0,0,0,12751801
164804790728,0,0,0,12746681
164804790728,0,0,0,12747534
164804790728,0,0,0,12747022
164804790728,0,0,0,12747534
164804797778,0,0,0,12745657
164804797778,0,0,0,12748729
164804797778,0,0,0,12743950
164804797778,0,0,0,12749582
164804797778,0,0,0,12744804
164804805444,0,0,0,12741390
164804805444,0,0,0,12742244
164804805444,0,0,0,12744804
164804805444,0,0,0,12747705
164804805444,0,0,0,12748387
164804812459,0,0,0,12749070
164804812459,0,0,0,12743268
164804812459,0,0,0,12740196
164804812459,0,0,0,12745998
164804812459,0,0,0,12746339
164804819319,0,0,0,12741732
164804819319,0,0,0,12742756
164804819319,0,0,0,12745998
164804819319,0,0,0,12742926
164804819319,0,0,0,12746339
164804826420,0,0,0,12738318
164804826420,0,0,0,12744462
164804826420,0,0,0,12744974
164804826420,0,0,0,12746339
164804826420,0,0,0,12740366
164804833745,0,0,0,12737465
164804833745,0,0,0,12738318
164804833745,0,0,0,12737294
164804833745,0,0,0,12745998
164804833745,0,0,0,12739001
164804840902,0,0,0,12742585
164804840902,0,0,0,12743438
164804840902,0,0,0,12729273
164804840902,0,0,0,12742414
164804840902,0,0,0,12735076
164804848018,0,0,0,12741732
164804848018,0,0,0,12736612
164804848018,0,0,0,12743950
164804848018,0,0,0,12748217
164804848018,0,0,0,12736612
164804855216,0,0,0,12740878
164804855216,0,0,0,12739513
164804855216,0,0,0,12743268
164804855216,0,0,0,12739001
164804855216,0,0,0,12741561
164804862916,0,0,0,12743438
164804862916,0,0,0,12736270
164804862916,0,0,0,12742073
164804862916,0,0,0,12740196
164804862916,0,0,0,12745657
164804870468,0,0,0,12741732
164804870468,0,0,0,12740366
164804870468,0,0,0,12748558
164804870468,0,0,0,12741390
164804870468,0,0,0,12741732
164804877976,0,0,0,12747705
164804877976,0,0,0,12746851
164804877976,0,0,0,12737465
164804877976,0,0,0,12745828
164804877976,0,0,0,12747022
164804886977,0,0,0,12746851
164804886977,0,0,0,12741220
164804886977,0,0,0,12740878
164804886977,0,0,0,12739684
164804886977,0,0,0,12741732
164804891708,0,0,0,12741390
164804891708,0,0,0,12740537
164804891708,0,0,0,12739001
164804891708,0,0,0,12741732
164804891708,0,0,0,12744804
164804898623,0,0,0,12748217
164804898623,0,0,0,12741220
164804898623,0,0,0,12743097
164804898623,0,0,0,12747705
164804898623,0,0,0,12742926
164804905994,0,0,0,12742073
164804905994,0,0,0,12750947
164804905994,0,0,0,12744804
164804905994,0,0,0,12742926
164804905994,0,0,0,12745486
164804913262,0,0,0,12742244
164804913262,0,0,0,12744633
164804913262,0,0,0,12749753
164804913262,0,0,0,12756579
164804913262,0,0,0,12744462
164804920847,0,0,0,12743097
164804920847,0,0,0,12742756
164804920847,0,0,0,12740025
164804920847,0,0,0,12742585
164804920847,0,0,0,12745316
164804927544,0,0,0,12744292
164804927544,0,0,0,12746510
164804927544,0,0,0,12744633
164804927544,0,0,0,12741561
164804927544,0,0,0,12738318
164804935311,0,0,0,12740537
164804935311,0,0,0,12748217
164804935311,0,0,0,12740708
164804935311,0,0,0,12745486
164804935311,0,0,0,12749070
164804941630,0,0,0,12746851
164804941630,0,0,0,12748558
164804941630,0,0,0,12744121
164804941630,0,0,0,12741220
164804941630,0,0,0,12745145
164804950603,0,0,0,12743609
164804950603,0,0,0,12745657
164804950603,0,0,0,12740708
164804950603,0,0,0,12749070
164804950603,0,0,0,12747534
164804956670,0,0,0,12744633
164804956670,0,0,0,12750435
164804956670,0,0,0,12744804
164804956670,0,0,0,12745657
164804956670,0,0,0,12748387
164804963085,0,0,0,12747022
164804963085,0,0,0,12742414
164804963085,0,0,0,12736441
164804963085,0,0,0,12746339
164804963085,0,0,0,12746851
164804971581,0,0,0,12747534
164804971581,0,0,0,12749923
164804971581,0,0,0,12745998
164804971581,0,0,0,12742414
164804971581,0,0,0,12750094
164804978025,0,0,0,12742756
164804978025,0,0,0,12745657
164804978025,0,0,0,12745998
164804978025,0,0,0,12748558
164804978025,0,0,0,12748387
164804984507,0,0,0,12741902
164804984507,0,0,0,12745657
164804984507,0,0,0,12746169
164804984507,0,0,0,12738318
164804984507,0,0,0,12741732
164804992322,0,0,0,12744462
164804992322,0,0,0,12747022
164804992322,0,0,0,12744462
164804992322,0,0,0,12747022
164804992322,0,0,0,12744804
164804998800,0,0,0,12742073
164804998800,0,0,0,12746169
164804998800,0,0,0,12746681
164804998800,0,0,0,12742244
164804998800,0,0,0,12737636
164805006329,0,0,0,12746339
164805006329,0,0,0,12747193
164805006329,0,0,0,12747875
164805006329,0,0,0,12740878
164805006329,0,0,0,12754702
164805013006,0,0,0,12740366
164805013006,0,0,0,12748899
164805013006,0,0,0,12745998
164805013006,0,0,0,12746510
164805013006,0,0,0,12741902
164805020440,0,0,0,12750094
164805020440,0,0,0,12749411
164805020440,0,0,0,12748899
164805020440,0,0,0,12746681
164805020440,0,0,0,12750777
164805027637,0,0,0,12747705
164805027637,0,0,0,12744804
164805027637,0,0,0,12756750
164805027637,0,0,0,12748387
164805027637,0,0,0,12747705
164805034536,0,0,0,12746510
164805034536,0,0,0,12742926
164805034536,0,0,0,12750094
164805034536,0,0,0,12745316
164805034536,0,0,0,12747534
164805041903,0,0,0,12744121
164805041903,0,0,0,12740366
164805041903,0,0,0,12744974
164805041903,0,0,0,12737465
164805041903,0,0,0,12745998
164805048950,0,0,0,12747022
164805048950,0,0,0,12747022
164805048950,0,0,0,12749753
164805048950,0,0,0,12747875
164805048950,0,0,0,12746681
164805056264,0,0,0,12742414
164805056264,0,0,0,12735417
164805056264,0,0,0,12750265
164805056264,0,0,0,12752483
164805056264,0,0,0,12746681
164805064124,0,0,0,12743268
164805064124,0,0,0,12744462
164805064124,0,0,0,12745316
164805064124,0,0,0,12747705
164805064124,0,0,0,12749411
164805075636,0,0,0,12747022
164805075636,0,0,0,12741902
164805075636,0,0,0,12745998
164805075636,0,0,0,12748046
164805075636,0,0,0,12743950
164805081703,0,0,0,12749411
164805081703,0,0,0,12750606
164805081703,0,0,0,12743438
164805081703,0,0,0,12749411
164805081703,0,0,0,12748387
164805085771,0,0,0,12744804
164805085771,0,0,0,12745998
164805085771,0,0,0,12750265
164805085771,0,0,0,12746510
164805085771,0,0,0,12744462
164805092198,0,0,0,12746510
164805092198,0,0,0,12751289
164805092198,0,0,0,12744804
164805092198,0,0,0,12746339
164805092198,0,0,0,12743268
164805099070,0,0,0,12751118
164805099070,0,0,0,12742414
164805099070,0,0,0,12739854
164805099070,0,0,0,12739684
164805099070,0,0,0,12740537
164805105966,0,0,0,12742414
164805105966,0,0,0,12745998
164805105966,0,0,0,12755726
164805105966,0,0,0,12749070
164805105966,0,0,0,12744462
164805116654,0,0,0,12744121
164805116654,0,0,0,12752313
164805116654,0,0,0,12750606
164805116654,0,0,0,12754531
164805116654,0,0,0,12744974
164805126766,0,0,0,12744462
164805126766,0,0,0,12747875
164805126766,0,0,0,12746681
164805126766,0,0,0,12746169
164805126766,0,0,0,12744121
164805129809,0,0,0,12746169
164805129809,0,0,0,12748558
164805129809,0,0,0,12739342
164805129809,0,0,0,12749411
164805129809,0,0,0,12743438
164805134497,0,0,0,12743609
164805134497,0,0,0,12744974
164805134497,0,0,0,12750777
164805134497,0,0,0,12749923
164805134497,0,0,0,12748217
164805143139,0,0,0,12743097
164805143139,0,0,0,12747193
164805143139,0,0,0,12753337
164805143139,0,0,0,12748217
164805143139,0,0,0,12753166
164805149720,0,0,0,12744462
164805149720,0,0,0,12746681
164805149720,0,0,0,12744974
164805149720,0,0,0,12745657
164805149720,0,0,0,12749753
164805156237,0,0,0,12752995
164805156237,0,0,0,12743950
164805156237,0,0,0,12748558
164805156237,0,0,0,12747875
164805156237,0,0,0,12745316
164805162881,0,0,0,12745316
164805162881,0,0,0,12745145
164805162881,0,0,0,12741220
164805162881,0,0,0,12746510
164805162881,0,0,0,12745657
164805169978,0,0,0,12737124
164805169978,0,0,0,12745145
164805169978,0,0,0,12747534
164805169978,0,0,0,12748558
164805169978,0,0,0,12750094
164805177666,0,0,0,12750947
164805177666,0,0,0,12748046
164805177666,0,0,0,12752142
164805177666,0,0,0,12745316
164805177666,0,0,0,12749411
164805184244,0,0,0,12733369
164805184244,0,0,0,12745657
164805184244,0,0,0,12742414
164805184244,0,0,0,12743438
164805184244,0,0,0,12752483
164805191369,0,0,0,12749411
164805191369,0,0,0,12746339
164805191369,0,0,0,12747705
164805191369,0,0,0,12747534
164805191369,0,0,0,12740708
164805198532,0,0,0,12743780
164805198532,0,0,0,12752654
164805198532,0,0,0,12741902
164805198532,0,0,0,12748899
164805198532,0,0,0,12745486
164805205817,0,0,0,12742073
164805205817,0,0,0,12748217
164805205817,0,0,0,12745828
164805205817,0,0,0,12746681
164805205817,0,0,0,12741220
164805213142,0,0,0,12746851
164805213142,0,0,0,12744633
164805213142,0,0,0,12746681
164805213142,0,0,0,12751289
164805213142,0,0,0,12754190
164805220851,0,0,0,12746851
164805220851,0,0,0,12743950
164805220851,0,0,0,12744121
164805220851,0,0,0,12749753
164805220851,0,0,0,12747875
164805227492,0,0,0,12754190
164805227492,0,0,0,12748558
164805227492,0,0,0,12748899
164805227492,0,0,0,12745145
164805227492,0,0,0,12745998
164805234296,0,0,0,12744462
164805234296,0,0,0,12751289
164805234296,0,0,0,12745316
164805234296,0,0,0,12747022
164805234296,0,0,0,12740537
164805241756,0,0,0,12742244
164805241756,0,0,0,12743438
164805241756,0,0,0,12741390
164805241756,0,0,0,12743609
164805241756,0,0,0,12743268
164805249004,0,0,0,12746339
164805249004,0,0,0,12749753
164805249004,0,0,0,12751630
164805249004,0,0,0,12744804
164805249004,0,0,0,12746681
164805255961,0,0,0,12746339
164805255961,0,0,0,12745998
164805255961,0,0,0,12735758
164805255961,0,0,0,12751971
164805255961,0,0,0,12740878
164805263141,0,0,0,12752995
164805263141,0,0,0,12742073
164805263141,0,0,0,12749923
164805263141,0,0,0,12739513
164805263141,0,0,0,12752142
164805270273,0,0,0,12747022
164805270273,0,0,0,12744292
164805270273,0,0,0,12740196
164805270273,0,0,0,12745998
164805270273,0,0,0,12745828
164805277244,0,0,0,12744292
164805277244,0,0,0,12742073
164805277244,0,0,0,12746681
164805277244,0,0,0,12748558
164805277244,0,0,0,12744633
164805284447,0,0,0,12743780
164805284447,0,0,0,12749923
164805284447,0,0,0,12740708
164805284447,0,0,0,12746681
164805284447,0,0,0,12752483
164805291484,0,0,0,12740537
164805291484,0,0,0,12742073
164805291484,0,0,0,12745657
164805291484,0,0,0,12743950
164805291484,0,0,0,12744804
164805299014,0,0,0,12754531
164805299014,0,0,0,12751801
164805299014,0,0,0,12742073
164805299014,0,0,0,12750094
164805299014,0,0,0,12746851
164805306010,0,0,0,12746169
164805306010,0,0,0,12744804
164805306010,0,0,0,12747875
164805306010,0,0,0,12742073
164805306010,0,0,0,12742414
164805313329,0,0,0,12745316
164805313329,0,0,0,12743097
164805313329,0,0,0,12756409
164805313329,0,0,0,12748046
164805313329,0,0,0,12745998
164805320056,0,0,0,12743780
164805320056,0,0,0,12750265
164805320056,0,0,0,12742073
164805320056,0,0,0,12744633
164805320056,0,0,0,12748558
164805327572,0,0,0,12750435
164805327572,0,0,0,12747193
164805327572,0,0,0,12746339
164805327572,0,0,0,12743097
164805327572,0,0,0,12748217
164805334416,0,0,0,12744292
164805334416,0,0,0,12746510
164805334416,0,0,0,12742585
164805334416,0,0,0,12745486
164805334416,0,0,0,12750606
164805341601,0,0,0,12752313
164805341601,0,0,0,12742756
164805341601,0,0,0,12746169
164805341601,0,0,0,12747363
164805341601,0,0,0,12736100
164805349428,0,0,0,12744462
164805349428,0,0,0,12751459
164805349428,0,0,0,12743609
164805349428,0,0,0,12738830
164805349428,0,0,0,12746339
164805355914,0,0,0,12749582
164805355914,0,0,0,12740025
164805355914,0,0,0,12742244
164805355914,0,0,0,12737294
164805355914,0,0,0,12741902
164805363274,0,0,0,12741049
164805363274,0,0,0,12747705
164805363274,0,0,0,12742756
164805363274,0,0,0,12745657
164805363274,0,0,0,12741390
164805370416,0,0,0,12748217
164805370416,0,0,0,12751801
164805370416,0,0,0,12742585
164805370416,0,0,0,12749241
164805370416,0,0,0,12748387
164805377352,0,0,0,12740878
164805377352,0,0,0,12749411
164805377352,0,0,0,12746510
164805377352,0,0,0,12746510
164805377352,0,0,0,12746169
164805384555,0,0,0,12746510
164805384555,0,0,0,12742585
164805384555,0,0,0,12745145
164805384555,0,0,0,12744804
164805384555,0,0,0,12748046
164805391670,0,0,0,12744462
164805391670,0,0,0,12750606
164805391670,0,0,0,12733881
164805391670,0,0,0,12744292
164805391670,0,0,0,12735417
164805398974,0,0,0,12738660
164805398974,0,0,0,12747022
164805398974,0,0,0,12752142
164805398974,0,0,0,12750094
164805398974,0,0,0,12745828
164805405980,0,0,0,12744292
164805405980,0,0,0,12743950
164805405980,0,0,0,12742244
164805405980,0,0,0,12736441
164805405980,0,0,0,12740196
164805413246,0,0,0,12746851
164805413246,0,0,0,12745998
164805413246,0,0,0,12740196
164805413246,0,0,0,12743438
164805413246,0,0,0,12743950
164805420399,0,0,0,12750435
164805420399,0,0,0,12745657
164805420399,0,0,0,12740366
164805420399,0,0,0,12743780
164805420399,0,0,0,12741390
164805427580,0,0,0,12739854
164805427580,0,0,0,12747534
164805427580,0,0,0,12748046
164805427580,0,0,0,12741732
164805427580,0,0,0,12747193
164805434605,0,0,0,12740537
164805434605,0,0,0,12739854
164805434605,0,0,0,12741561
164805434605,0,0,0,12742756
164805434605,0,0,0,12742585
164805441906,0,0,0,12737977
164805441906,0,0,0,12741561
164805441906,0,0,0,12742585
164805441906,0,0,0,12745316
164805441906,0,0,0,12742756
164805448872,0,0,0,12743609
164805448872,0,0,0,12743438
164805448872,0,0,0,12740708
164805448872,0,0,0,12747705
164805448872,0,0,0,12734393
164805456368,0,0,0,12744804
164805456368,0,0,0,12743438
164805456368,0,0,0,12748046
164805456368,0,0,0,12740878
164805456368,0,0,0,12738318
164805463337,0,0,0,12743609
164805463337,0,0,0,12750265
164805463337,0,0,0,12742073
164805463337,0,0,0,12738660
164805463337,0,0,0,12745486
164805471175,0,0,0,12749070
164805471175,0,0,0,12745145
164805471175,0,0,0,12741902
164805471175,0,0,0,12735929
164805471175,0,0,0,12735588
164805477847,0,0,0,12746851
164805477847,0,0,0,12742926
164805477847,0,0,0,12742244
164805477847,0,0,0,12735076
164805477847,0,0,0,12748899
164805484903,0,0,0,12740878
164805484903,0,0,0,12741049
164805484903,0,0,0,12742073
164805484903,0,0,0,12743950
164805484903,0,0,0,12740196
164805491899,0,0,0,12742414
164805491899,0,0,0,12739342
164805491899,0,0,0,12741561
164805491899,0,0,0,12740708
164805491899,0,0,0,12750606
164805499206,0,0,0,12740878
164805499206,0,0,0,12741220
164805499206,0,0,0,12745657
164805499206,0,0,0,12749753
164805499206,0,0,0,12746681
164805506535,0,0,0,12750265
164805506535,0,0,0,12746851
164805506535,0,0,0,12748387
164805506535,0,0,0,12749411
164805506535,0,0,0,12739342
164805513435,0,0,0,12740708
164805513435,0,0,0,12750265
164805513435,0,0,0,12740025
164805513435,0,0,0,12743097
164805513435,0,0,0,12742414
164805520473,0,0,0,12743609
164805520473,0,0,0,12742585
164805520473,0,0,0,12745316
164805520473,0,0,0,12742414
164805520473,0,0,0,12745486
164805528005,0,0,0,12742244
164805528005,0,0,0,12737124
164805528005,0,0,0,12746681
164805528005,0,0,0,12745828
164805528005,0,0,0,12741220
164805534801,0,0,0,12743097
164805534801,0,0,0,12746169
164805534801,0,0,0,12744804
164805534801,0,0,0,12747193
164805534801,0,0,0,12743609
164805542140,0,0,0,12741220
164805542140,0,0,0,12743097
164805542140,0,0,0,12750435
164805542140,0,0,0,12754702
164805542140,0,0,0,12739854
164805549319,0,0,0,12750435
164805549319,0,0,0,12742244
164805549319,0,0,0,12745145
164805549319,0,0,0,12738830
164805549319,0,0,0,12748046
164805556178,0,0,0,12743609
164805556178,0,0,0,12745828
164805556178,0,0,0,12744121
164805556178,0,0,0,12741220
164805556178,0,0,0,12748217
164805563680,0,0,0,12739684
164805563680,0,0,0,12741220
164805563680,0,0,0,12740196
164805563680,0,0,0,12746851
164805563680,0,0,0,12740537
164805570519,0,0,0,12745657
164805570519,0,0,0,12749753
164805570519,0,0,0,12741561
164805570519,0,0,0,12740878
164805570519,0,0,0,12744633
164805578257,0,0,0,12743780
164805578257,0,0,0,12751801
164805578257,0,0,0,12738148
164805578257,0,0,0,12742756
164805578257,0,0,0,12748387
164805584887,0,0,0,12744804
164805584887,0,0,0,12739854
164805584887,0,0,0,12736441
164805584887,0,0,0,12741049
164805584887,0,0,0,12741561
164805592256,0,0,0,12736953
164805592256,0,0,0,12747022
164805592256,0,0,0,12744121
164805592256,0,0,0,12740196
164805592256,0,0,0,12748046
164805599674,0,0,0,12747363
164805599674,0,0,0,12744974
164805599674,0,0,0,12746851
164805599674,0,0,0,12748387
164805599674,0,0,0,12745316
164805606467,0,0,0,12740366
164805606467,0,0,0,12744462
164805606467,0,0,0,12737636
164805606467,0,0,0,12747705
164805606467,0,0,0,12749241
164805613800,0,0,0,12741390
164805613800,0,0,0,12739342
164805613800,0,0,0,12740025
164805613800,0,0,0,12747534
164805613800,0,0,0,12743438
164805620872,0,0,0,12746510
164805620872,0,0,0,12741049
164805620872,0,0,0,12740025
164805620872,0,0,0,12743950
164805620872,0,0,0,12748217
164805627831,0,0,0,12745316
164805627831,0,0,0,12748387
164805627831,0,0,0,12745486
164805627831,0,0,0,12749923
164805627831,0,0,0,12742244
164805634999,0,0,0,12744804
164805634999,0,0,0,12746851
164805634999,0,0,0,12748387
164805634999,0,0,0,12745657
164805634999,0,0,0,12739342
164805642183,0,0,0,12743097
164805642183,0,0,0,12737294
164805642183,0,0,0,12751118
164805642183,0,0,0,12741049
164805642183,0,0,0,12746851
164805649430,0,0,0,12743609
164805649430,0,0,0,12737465
164805649430,0,0,0,12741561
164805649430,0,0,0,12745998
164805649430,0,0,0,12745486
164805656680,0,0,0,12745998
164805656680,0,0,0,12752483
164805656680,0,0,0,12748387
164805656680,0,0,0,12743950
164805656680,0,0,0,12748729
164805663721,0,0,0,12747705
164805663721,0,0,0,12751971
164805663721,0,0,0,12747363
164805663721,0,0,0,12751459
164805663721,0,0,0,12754019
164805670838,0,0,0,12742585
164805670838,0,0,0,12745145
164805670838,0,0,0,12750265
164805670838,0,0,0,12750435
164805670838,0,0,0,12747705
164805678300,0,0,0,12746681
164805678300,0,0,0,12743950
164805678300,0,0,0,12738830
164805678300,0,0,0,12748558
164805678300,0,0,0,12744633
164805685103,0,0,0,12744462
164805685103,0,0,0,12744292
164805685103,0,0,0,12751630
164805685103,0,0,0,12745657
164805685103,0,0,0,12751459
164805692427,0,0,0,12745998
164805692427,0,0,0,12750265
164805692427,0,0,0,12748899
164805692427,0,0,0,12744292
164805692427,0,0,0,12745486
164805699603,0,0,0,12740537
164805699603,0,0,0,12746339
164805699603,0,0,0,12746681
164805699603,0,0,0,12741049
164805699603,0,0,0,12747363
164805706702,0,0,0,12747534
164805706702,0,0,0,12748217
164805706702,0,0,0,12747534
164805706702,0,0,0,12742926
164805706702,0,0,0,12740878
164805713858,0,0,0,12746851
164805713858,0,0,0,12744633
164805713858,0,0,0,12744462
164805713858,0,0,0,12739172
164805713858,0,0,0,12742585
164805722122,0,0,0,12745316
164805722122,0,0,0,12743268
164805722122,0,0,0,12750606
164805722122,0,0,0,12744292
164805722122,0,0,0,12751630
164805728129,0,0,0,12754190
164805728129,0,0,0,12744292
164805728129,0,0,0,12744974
164805728129,0,0,0,12743609
164805728129,0,0,0,12746681
164805735256,0,0,0,12743950
164805735256,0,0,0,12745828
164805735256,0,0,0,12742585
164805735256,0,0,0,12744292
164805735256,0,0,0,12750777
164805742538,0,0,0,12737294
164805742538,0,0,0,12746339
164805742538,0,0,0,12747875
164805742538,0,0,0,12752142
164805742538,0,0,0,12743950
164805749631,0,0,0,12750265
164805749631,0,0,0,12748387
164805749631,0,0,0,12744121
164805749631,0,0,0,12748046
164805749631,0,0,0,12743097
164805756731,0,0,0,12744292
164805756731,0,0,0,12745657
164805756731,0,0,0,12751459
164805756731,0,0,0,12749753
164805756731,0,0,0,12746510
164805763977,0,0,0,12740366
164805763977,0,0,0,12742926
164805763977,0,0,0,12743609
164805763977,0,0,0,12738830
164805763977,0,0,0,12750435
164805771432,0,0,0,12749923
164805771432,0,0,0,12749411
164805771432,0,0,0,12744121
164805771432,0,0,0,12749411
164805771432,0,0,0,12748387
164805778286,0,0,0,12740878
164805778286,0,0,0,12744462
164805778286,0,0,0,12750777
164805778286,0,0,0,12738830
164805778286,0,0,0,12747193
164805785387,0,0,0,12742756
164805785387,0,0,0,12740025
164805785387,0,0,0,12739172
164805785387,0,0,0,12742756
164805785387,0,0,0,12740366
164805792419,0,0,0,12737977
164805792419,0,0,0,12748899
164805792419,0,0,0,12746169
164805792419,0,0,0,12737636
164805792419,0,0,0,12748558
164805799801,0,0,0,12742414
164805799801,0,0,0,12748558
164805799801,0,0,0,12741732
164805799801,0,0,0,12744121
164805799801,0,0,0,12746510
164805806886,0,0,0,12750265
164805806886,0,0,0,12746339
164805806886,0,0,0,12741049
164805806886,0,0,0,12755043
164805806886,0,0,0,12750435
164805813989,0,0,0,12744462
164805813989,0,0,0,12741220
164805813989,0,0,0,12744974
164805813989,0,0,0,12744121
164805813989,0,0,0,12745145
164805821119,0,0,0,12743950
164805821119,0,0,0,12747534
164805821119,0,0,0,12745657
164805821119,0,0,0,12744121
164805821119,0,0,0,12749070
164805828391,0,0,0,12744121
164805828391,0,0,0,12740196
164805828391,0,0,0,12742756
164805828391,0,0,0,12748387
164805828391,0,0,0,12743438
164805835609,0,0,0,12744804
164805835609,0,0,0,12745657
164805835609,0,0,0,12743268
164805835609,0,0,0,12743780
164805835609,0,0,0,12739684
164805842839,0,0,0,12748046
164805842839,0,0,0,12741390
164805842839,0,0,0,12744633
164805842839,0,0,0,12743780
164805842839,0,0,0,12748729
164805850278,0,0,0,12748217
164805850278,0,0,0,12749923
164805850278,0,0,0,12751289
164805850278,0,0,0,12749923
164805850278,0,0,0,12741390
164805856973,0,0,0,12749241
164805856973,0,0,0,12745486
164805856973,0,0,0,12738660
164805856973,0,0,0,12743609
164805856973,0,0,0,12748387
164805864891,0,0,0,12746851
164805864891,0,0,0,12747705
164805864891,0,0,0,12745828
164805864891,0,0,0,12743268
164805864891,0,0,0,12742926
164805872164,0,0,0,12745316
164805872164,0,0,0,12735929
164805872164,0,0,0,12744292
164805872164,0,0,0,12742244
164805872164,0,0,0,12741390
164805878885,0,0,0,12748046
164805878885,0,0,0,12739342
164805878885,0,0,0,12744974
164805878885,0,0,0,12742926
164805878885,0,0,0,12747875
164805886715,0,0,0,12746339
164805886715,0,0,0,12745657
164805886715,0,0,0,12744974
164805886715,0,0,0,12746510
164805886715,0,0,0,12743780
164805893605,0,0,0,12746339
164805893605,0,0,0,12745828
164805893605,0,0,0,12740196
164805893605,0,0,0,12739513
164805893605,0,0,0,12739513
164805900666,0,0,0,12737294
164805900666,0,0,0,12744121
164805900666,0,0,0,12745145
164805900666,0,0,0,12739684
164805900666,0,0,0,12742926
164805907930,0,0,0,12743097
164805907930,0,0,0,12744633
164805907930,0,0,0,12747534
164805907930,0,0,0,12752483
164805907930,0,0,0,12742585
164805915561,0,0,0,12741732
164805915561,0,0,0,12747193
164805915561,0,0,0,12749241
164805915561,0,0,0,12751289
164805915561,0,0,0,12750777
164805922175,0,0,0,12741390
164805922175,0,0,0,12751459
164805922175,0,0,0,12744462
164805922175,0,0,0,12753507
164805922175,0,0,0,12743097
164805929197,0,0,0,12749411
164805929197,0,0,0,12752483
164805929197,0,0,0,12753849
164805929197,0,0,0,12740366
164805929197,0,0,0,12744121
164805941860,0,0,0,12749070
164805941860,0,0,0,12746681
164805941860,0,0,0,12748558
164805941860,0,0,0,12748217
164805941860,0,0,0,12742414
164805946622,0,0,0,12747363
164805946622,0,0,0,12752483
164805946622,0,0,0,12750435
164805946622,0,0,0,12742073
164805946622,0,0,0,12746169
164805954674,0,0,0,12743609
164805954674,0,0,0,12747193
164805954674,0,0,0,12747875
164805954674,0,0,0,12747022
164805954674,0,0,0,12745828
164805963237,0,0,0,12746510
164805963237,0,0,0,12748046
164805963237,0,0,0,12743950
164805963237,0,0,0,12741732
164805963237,0,0,0,12738830
164805964654,0,0,0,12743097
164805964654,0,0,0,12741390
164805964654,0,0,0,12742926
164805964654,0,0,0,12755726
164805964654,0,0,0,12740537
164805972451,0,0,0,12748387
164805972451,0,0,0,12745145
164805972451,0,0,0,12751801
164805972451,0,0,0,12739684
164805972451,0,0,0,12740878
164805978745,0,0,0,12740537
164805978745,0,0,0,12745486
164805978745,0,0,0,12738830
164805978745,0,0,0,12742585
164805978745,0,0,0,12744633
164805986159,0,0,0,12745316
164805986159,0,0,0,12745486
164805986159,0,0,0,12742414
164805986159,0,0,0,12742244
164805986159,0,0,0,12748558
164805993466,0,0,0,12747363
164805993466,0,0,0,12742073
164805993466,0,0,0,12743780
164805993466,0,0,0,12739342
164805993466,0,0,0,12739854
164806000304,0,0,0,12748558
164806000304,0,0,0,12749411
164806000304,0,0,0,12746851
164806000304,0,0,0,12745828
164806000304,0,0,0,12748046
164806007704,0,0,0,12747875
164806007704,0,0,0,12743609
164806007704,0,0,0,12744974
164806007704,0,0,0,12747705
164806007704,0,0,0,12741390
164806015582,0,0,0,12745316
164806015582,0,0,0,12741561
164806015582,0,0,0,12744804
164806015582,0,0,0,12748729
164806015582,0,0,0,12751630
164806023151,0,0,0,12744121
164806023151,0,0,0,12748387
164806023151,0,0,0,12742073
164806023151,0,0,0,12748217
164806023151,0,0,0,12744121
164806028704,0,0,0,12744121
164806028704,0,0,0,12736782
164806028704,0,0,0,12741390
164806028704,0,0,0,12745316
164806028704,0,0,0,12735076
164806035884,0,0,0,12748046
164806035884,0,0,0,12747022
164806035884,0,0,0,12747363
164806035884,0,0,0,12743780
164806035884,0,0,0,12750265
164806043264,0,0,0,12747193
164806043264,0,0,0,12748046
164806043264,0,0,0,12742756
164806043264,0,0,0,12744462
164806043264,0,0,0,12741732
164806050206,0,0,0,12747705
164806050206,0,0,0,12745486
164806050206,0,0,0,12738660
164806050206,0,0,0,12745998
164806050206,0,0,0,12746510
164806058162,0,0,0,12746510
164806058162,0,0,0,12746851
164806058162,0,0,0,12744804
164806058162,0,0,0,12742585
164806058162,0,0,0,12748899
164806064549,0,0,0,12741220
164806064549,0,0,0,12743780
164806064549,0,0,0,12753337
164806064549,0,0,0,12747705
164806064549,0,0,0,12750094
164806071643,0,0,0,12748387
164806071643,0,0,0,12743097
164806071643,0,0,0,12749070
164806071643,0,0,0,12751801
164806071643,0,0,0,12751289
164806079003,0,0,0,12743097
164806079003,0,0,0,12755555
164806079003,0,0,0,12747363
164806079003,0,0,0,12744633
164806079003,0,0,0,12740878
164806085837,0,0,0,12751459
164806085837,0,0,0,12746339
164806085837,0,0,0,12751971
164806085837,0,0,0,12743438
164806085837,0,0,0,12748729
164806093260,0,0,0,12749582
164806093260,0,0,0,12742585
164806093260,0,0,0,12751971
164806093260,0,0,0,12746510
164806093260,0,0,0,12753166
164806100361,0,0,0,12741732
164806100361,0,0,0,12740537
164806100361,0,0,0,12744974
164806100361,0,0,0,12753507
164806100361,0,0,0,12739684
164806108089,0,0,0,12739513
164806108089,0,0,0,12750094
164806108089,0,0,0,12744633
164806108089,0,0,0,12740708
164806108089,0,0,0,12756579
164806114615,0,0,0,12745828
164806114615,0,0,0,12751459
164806114615,0,0,0,12754190
164806114615,0,0,0,12747363
164806114615,0,0,0,12743268
164806121676,0,0,0,12750947
164806121676,0,0,0,12751630
164806121676,0,0,0,12750265
164806121676,0,0,0,12749070
164806121676,0,0,0,12744462
164806128864,0,0,0,12748558
164806128864,0,0,0,12742585
164806128864,0,0,0,12745998
164806128864,0,0,0,12744121
164806128864,0,0,0,12742756
164806137278,0,0,0,12746681
164806137278,0,0,0,12744633
164806137278,0,0,0,12741732
164806137278,0,0,0,12744121
164806137278,0,0,0,12749923
164806144191,0,0,0,12746510
164806144191,0,0,0,12749582
164806144191,0,0,0,12743438
164806144191,0,0,0,12747705
164806144191,0,0,0,12751971
164806151330,0,0,0,12746339
164806151330,0,0,0,12742756
164806151330,0,0,0,12743097
164806151330,0,0,0,12740366
164806151330,0,0,0,12739172
164806157890,0,0,0,12748899
164806157890,0,0,0,12750777
164806157890,0,0,0,12751801
164806157890,0,0,0,12746169
164806157890,0,0,0,12750777
164806164819,0,0,0,12750777
164806164819,0,0,0,12748899
164806164819,0,0,0,12748729
164806164819,0,0,0,12748217
164806164819,0,0,0,12750606
164806171933,0,0,0,12739684
164806171933,0,0,0,12739001
164806171933,0,0,0,12754702
164806171933,0,0,0,12748046
164806171933,0,0,0,12755897
164806179226,0,0,0,12746339
164806179226,0,0,0,12747363
164806179226,0,0,0,12749923
164806179226,0,0,0,12745657
164806179226,0,0,0,12743950
164806186160,0,0,0,12745486
164806186160,0,0,0,12746169
164806186160,0,0,0,12753166
164806186160,0,0,0,12744462
164806186160,0,0,0,12748558
164806193602,0,0,0,12747534
164806193602,0,0,0,12751289
164806193602,0,0,0,12746339
164806193602,0,0,0,12745828
164806193602,0,0,0,12749582
164806200631,0,0,0,12743097
164806200631,0,0,0,12751118
164806200631,0,0,0,12754190
164806200631,0,0,0,12745486
164806200631,0,0,0,12750265
164806207614,0,0,0,12745998
164806207614,0,0,0,12749582
164806207614,0,0,0,12741390
164806207614,0,0,0,12746510
164806207614,0,0,0,12752825
164806216006,0,0,0,12748729
164806216006,0,0,0,12748899
164806216006,0,0,0,12753166
164806216006,0,0,0,12752825
164806216006,0,0,0,12746169
164806222614,0,0,0,12750435
164806222614,0,0,0,12756921
164806222614,0,0,0,12745145
164806222614,0,0,0,12746339
164806222614,0,0,0,12747534
164806229639,0,0,0,12749923
164806229639,0,0,0,12753166
164806229639,0,0,0,12746339
164806229639,0,0,0,12747875
164806229639,0,0,0,12747363
164806236406,0,0,0,12746339
164806236406,0,0,0,12744804
164806236406,0,0,0,12748729
164806236406,0,0,0,12744974
164806236406,0,0,0,12748729
164806243973,0,0,0,12751801
164806243973,0,0,0,12748046
164806243973,0,0,0,12745828
164806243973,0,0,0,12743780
164806243973,0,0,0,12754019
164806250637,0,0,0,12744121
164806250637,0,0,0,12756409
164806250637,0,0,0,12750947
164806250637,0,0,0,12747875
164806250637,0,0,0,12748217
164806258276,0,0,0,12745657
164806258276,0,0,0,12745998
164806258276,0,0,0,12748558
164806258276,0,0,0,12753849
164806258276,0,0,0,12748217
164806265245,0,0,0,12748046
164806265245,0,0,0,12750265
164806265245,0,0,0,12751630
164806265245,0,0,0,12750606
164806265245,0,0,0,12749241
164806272271,0,0,0,12741902
164806272271,0,0,0,12752142
164806272271,0,0,0,12743438
164806272271,0,0,0,12744974
164806272271,0,0,0,12747705
164806279593,0,0,0,12740708
164806279593,0,0,0,12747193
164806279593,0,0,0,12743950
164806279593,0,0,0,12754190
164806279593,0,0,0,12749753
164806286541,0,0,0,12738830
164806286541,0,0,0,12745657
164806286541,0,0,0,12752142
164806286541,0,0,0,12747705
164806286541,0,0,0,12749923
164806295119,0,0,0,12751801
164806295119,0,0,0,12741049
164806295119,0,0,0,12744633
164806295119,0,0,0,12737124
164806295119,0,0,0,12748899
164806300740,0,0,0,12744974
164806300740,0,0,0,12747193
164806300740,0,0,0,12741732
164806300740,0,0,0,12745486
164806300740,0,0,0,12745145
164806307819,0,0,0,12746339
164806307819,0,0,0,12745657
164806307819,0,0,0,12748387
164806307819,0,0,0,12754361
164806307819,0,0,0,12748217
164806315075,0,0,0,12743438
164806315075,0,0,0,12748046
164806315075,0,0,0,12743609
164806315075,0,0,0,12747705
164806315075,0,0,0,12752142
164806322732,0,0,0,12746681
164806322732,0,0,0,12743950
164806322732,0,0,0,12749411
164806322732,0,0,0,12745145
164806322732,0,0,0,12740878
164806329469,0,0,0,12742073
164806329469,0,0,0,12745486
164806329469,0,0,0,12751630
164806329469,0,0,0,12747022
164806329469,0,0,0,12749070
164806336605,0,0,0,12748729
164806336605,0,0,0,12752142
164806336605,0,0,0,12748899
164806336605,0,0,0,12743438
164806336605,0,0,0,12749582
164806343681,0,0,0,12745316
164806343681,0,0,0,12745486
164806343681,0,0,0,12752313
164806343681,0,0,0,12745486
164806343681,0,0,0,12743438
164806350782,0,0,0,12747022
164806350782,0,0,0,12741390
164806350782,0,0,0,12749753
164806350782,0,0,0,12746681
164806350782,0,0,0,12747193
164806357805,0,0,0,12750094
164806357805,0,0,0,12750094
164806357805,0,0,0,12748387
164806357805,0,0,0,12747363
164806357805,0,0,0,12753166
164806365387,0,0,0,12751459
164806365387,0,0,0,12749411
164806365387,0,0,0,12752825
164806365387,0,0,0,12746681
164806365387,0,0,0,12745828
164806372398,0,0,0,12747875
164806372398,0,0,0,12750435
164806372398,0,0,0,12754531
164806372398,0,0,0,12745486
164806372398,0,0,0,12741561
164806379237,0,0,0,12745486
164806379237,0,0,0,12742414
164806379237,0,0,0,12748046
164806379237,0,0,0,12743268
164806379237,0,0,0,12745998
164806386471,0,0,0,12744292
164806386471,0,0,0,12752654
164806386471,0,0,0,12756921
164806386471,0,0,0,12751459
164806386471,0,0,0,12744292
164806393863,0,0,0,12756579
164806393863,0,0,0,12749582
164806393863,0,0,0,12750947
164806393863,0,0,0,12747534
164806393863,0,0,0,12744462
164806401211,0,0,0,12745657
164806401211,0,0,0,12748899
164806401211,0,0,0,12744804
164806401211,0,0,0,12751289
164806401211,0,0,0,12751971
164806407853,0,0,0,12755043
164806407853,0,0,0,12749753
164806407853,0,0,0,12750947
164806407853,0,0,0,12751630
164806407853,0,0,0,12749753
164806415447,0,0,0,12752483
164806415447,0,0,0,12748217
164806415447,0,0,0,12744121
164806415447,0,0,0,12753337
164806415447,0,0,0,12748729
164806422426,0,0,0,12747022
164806422426,0,0,0,12750606
164806422426,0,0,0,12746339
164806422426,0,0,0,12749753
164806422426,0,0,0,12748217
164806429314,0,0,0,12751630
164806429314,0,0,0,12744462
164806429314,0,0,0,12751459
164806429314,0,0,0,12757091
164806429314,0,0,0,12747022
164806436574,0,0,0,12745998
164806436574,0,0,0,12746169
164806436574,0,0,0,12751118
164806436574,0,0,0,12747363
164806436574,0,0,0,12748217
164806443731,0,0,0,12749411
164806443731,0,0,0,12745657
164806443731,0,0,0,12744974
164806443731,0,0,0,12747022
164806443731,0,0,0,12750265
164806450947,0,0,0,12747193
164806450947,0,0,0,12744462
164806450947,0,0,0,12748729
164806450947,0,0,0,12745998
164806450947,0,0,0,12745316
164806458320,0,0,0,12742926
164806458320,0,0,0,12745486
164806458320,0,0,0,12747705
164806458320,0,0,0,12752142
164806458320,0,0,0,12752995
164806465390,0,0,0,12745998
164806465390,0,0,0,12745145
164806465390,0,0,0,12743268
164806465390,0,0,0,12747193
164806465390,0,0,0,12738830
164806472546,0,0,0,12747022
164806472546,0,0,0,12741732
164806472546,0,0,0,12747022
164806472546,0,0,0,12751289
164806472546,0,0,0,12747363
164806479401,0,0,0,12743950
164806479401,0,0,0,12754702
164806479401,0,0,0,12752654
164806479401,0,0,0,12751971
164806479401,0,0,0,12749070
164806487137,0,0,0,12747022
164806487137,0,0,0,12750777
164806487137,0,0,0,12754531
164806487137,0,0,0,12743097
164806487137,0,0,0,12746339
164806494091,0,0,0,12745828
164806494091,0,0,0,12750435
164806494091,0,0,0,12752995
164806494091,0,0,0,12741220
164806494091,0,0,0,12749411
164806501098,0,0,0,12747193
164806501098,0,0,0,12745828
164806501098,0,0,0,12744633
164806501098,0,0,0,12752313
164806501098,0,0,0,12753337
164806508043,0,0,0,12747875
164806508043,0,0,0,12754873
164806508043,0,0,0,12741732
164806508043,0,0,0,12741220
164806508043,0,0,0,12747193
164806515375,0,0,0,12739854
164806515375,0,0,0,12742073
164806515375,0,0,0,12750094
164806515375,0,0,0,12748387
164806515375,0,0,0,12744121
164806522939,0,0,0,12741390
164806522939,0,0,0,12740025
164806522939,0,0,0,12749411
164806522939,0,0,0,12750094
164806522939,0,0,0,12752313
164806529756,0,0,0,12743780
164806529756,0,0,0,12751630
164806529756,0,0,0,12743438
164806529756,0,0,0,12745828
164806529756,0,0,0,12750094
164806536706,0,0,0,12748046
164806536706,0,0,0,12751630
164806536706,0,0,0,12745828
164806536706,0,0,0,12747534
164806536706,0,0,0,12748729
164806543832,0,0,0,12743609
164806543832,0,0,0,12748046
164806543832,0,0,0,12749753
164806543832,0,0,0,12742585
164806543832,0,0,0,12753678
164806550951,0,0,0,12748558
164806550951,0,0,0,12744121
164806550951,0,0,0,12746681
164806550951,0,0,0,12750265
164806550951,0,0,0,12749923
164806558329,0,0,0,12743268
164806558329,0,0,0,12750435
164806558329,0,0,0,12747193
164806558329,0,0,0,12748387
164806558329,0,0,0,12752825
164806565539,0,0,0,12747022
164806565539,0,0,0,12748558
164806565539,0,0,0,12752654
164806565539,0,0,0,12747534
164806565539,0,0,0,12746339
164806572598,0,0,0,12750435
164806572598,0,0,0,12751801
164806572598,0,0,0,12748387
164806572598,0,0,0,12746169
164806572598,0,0,0,12747022
164806579576,0,0,0,12741049
164806579576,0,0,0,12744121
164806579576,0,0,0,12748387
164806579576,0,0,0,12749070
164806579576,0,0,0,12748217
164806586925,0,0,0,12743268
164806586925,0,0,0,12749923
164806586925,0,0,0,12745828
164806586925,0,0,0,12749753
164806586925,0,0,0,12748046
164806594138,0,0,0,12743950
164806594138,0,0,0,12747875
164806594138,0,0,0,12743780
164806594138,0,0,0,12748387
164806594138,0,0,0,12745486
164806601083,0,0,0,12747705
164806601083,0,0,0,12745828
164806601083,0,0,0,12752313
164806601083,0,0,0,12744292
164806601083,0,0,0,12747193
164806608651,0,0,0,12750435
164806608651,0,0,0,12748046
164806608651,0,0,0,12748217
164806608651,0,0,0,12750947
164806608651,0,0,0,12741390
164806615493,0,0,0,12745657
164806615493,0,0,0,12750947
164806615493,0,0,0,12752654
164806615493,0,0,0,12743438
164806615493,0,0,0,12744974
164806622716,0,0,0,12750265
164806622716,0,0,0,12749753
164806622716,0,0,0,12741220
164806622716,0,0,0,12750094
164806622716,0,0,0,12745828
164806630011,0,0,0,12745828
164806630011,0,0,0,12748729
164806630011,0,0,0,12743950
164806630011,0,0,0,12743097
164806630011,0,0,0,12747875
164806637011,0,0,0,12740366
164806637011,0,0,0,12739342
164806637011,0,0,0,12741220
164806637011,0,0,0,12737465
164806637011,0,0,0,12750094
164806644468,0,0,0,12743609
164806644468,0,0,0,12749923
164806644468,0,0,0,12745998
164806644468,0,0,0,12744462
164806644468,0,0,0,12743268
164806651150,0,0,0,12743950
164806651150,0,0,0,12747363
164806651150,0,0,0,12746851
164806651150,0,0,0,12748217
164806651150,0,0,0,12746681
164806658534,0,0,0,12757433
164806658534,0,0,0,12749241
164806658534,0,0,0,12745828
164806658534,0,0,0,12754019
164806658534,0,0,0,12747705
164806665746,0,0,0,12744974
164806665746,0,0,0,12749753
164806665746,0,0,0,12742414
164806665746,0,0,0,12739854
164806665746,0,0,0,12751459
164806673612,0,0,0,12743268
164806673612,0,0,0,12741902
164806673612,0,0,0,12743268
164806673612,0,0,0,12744121
164806673612,0,0,0,12741390
164806680828,0,0,0,12744804
164806680828,0,0,0,12746851
164806680828,0,0,0,12745998
164806680828,0,0,0,12747534
164806680828,0,0,0,12748046
164806687667,0,0,0,12743268
164806687667,0,0,0,12750094
164806687667,0,0,0,12744292
164806687667,0,0,0,12752654
164806687667,0,0,0,12747193
164806694740,0,0,0,12753507
164806694740,0,0,0,12742926
164806694740,0,0,0,12746851
164806694740,0,0,0,12745145
164806694740,0,0,0,12750265
164806701925,0,0,0,12745316
164806701925,0,0,0,12746169
164806701925,0,0,0,12748046
164806701925,0,0,0,12749753
164806701925,0,0,0,12746851
164806709245,0,0,0,12747875
164806709245,0,0,0,12745486
164806709245,0,0,0,12743268
164806709245,0,0,0,12747705
164806709245,0,0,0,12741390
164806716471,0,0,0,12744633
164806716471,0,0,0,12748729
164806716471,0,0,0,12751289
164806716471,0,0,0,12746510
164806716471,0,0,0,12740878
164806723574,0,0,0,12743268
164806723574,0,0,0,12740025
164806723574,0,0,0,12742244
164806723574,0,0,0,12747022
164806723574,0,0,0,12741902
164806731095,0,0,0,12746510
164806731095,0,0,0,12744462
164806731095,0,0,0,12747534
164806731095,0,0,0,12747363
164806731095,0,0,0,12747875
164806737520,0,0,0,12747193
164806737520,0,0,0,12746339
164806737520,0,0,0,12745828
164806737520,0,0,0,12747193
164806737520,0,0,0,12751801
164806744990,0,0,0,12745657
164806744990,0,0,0,12745145
164806744990,0,0,0,12750606
164806744990,0,0,0,12744462
164806744990,0,0,0,12740708
164806752704,0,0,0,12740025
164806752704,0,0,0,12746510
164806752704,0,0,0,12744121
164806752704,0,0,0,12749923
164806752704,0,0,0,12737294
164806759200,0,0,0,12745486
164806759200,0,0,0,12745828
164806759200,0,0,0,12746851
164806759200,0,0,0,12746510
164806759200,0,0,0,12742756
164806766782,0,0,0,12748217
164806766782,0,0,0,12752313
164806766782,0,0,0,12750094
164806766782,0,0,0,12747363
164806766782,0,0,0,12750265
164806773985,0,0,0,12745486
164806773985,0,0,0,12739854
164806773985,0,0,0,12746681
164806773985,0,0,0,12745316
164806773985,0,0,0,12752142
164806781144,0,0,0,12746681
164806781144,0,0,0,12748729
164806781144,0,0,0,12747022
164806781144,0,0,0,12740878
164806781144,0,0,0,12749411
164806788271,0,0,0,12752483
164806788271,0,0,0,12746851
164806788271,0,0,0,12744462
164806788271,0,0,0,12748729
164806788271,0,0,0,12751971
164806794954,0,0,0,12749753
164806794954,0,0,0,12748387
164806794954,0,0,0,12739513
164806794954,0,0,0,12746681
164806794954,0,0,0,12743268
164806802344,0,0,0,12750265
164806802344,0,0,0,12745486
164806802344,0,0,0,12742926
164806802344,0,0,0,12749923
164806802344,0,0,0,12738830
164806810581,0,0,0,12737806
164806810581,0,0,0,12740708
164806810581,0,0,0,12749411
164806810581,0,0,0,12740537
164806810581,0,0,0,12748387
164806816377,0,0,0,12752483
164806816377,0,0,0,12742756
164806816377,0,0,0,12745998
164806816377,0,0,0,12746510
164806816377,0,0,0,12741902
164806824322,0,0,0,12745828
164806824322,0,0,0,12740025
164806824322,0,0,0,12747193
164806824322,0,0,0,12746339
164806824322,0,0,0,12743950
164806831621,0,0,0,12748729
164806831621,0,0,0,12751971
164806831621,0,0,0,12753337
164806831621,0,0,0,12756067
164806831621,0,0,0,12751630
164806838150,0,0,0,12745828
164806838150,0,0,0,12751289
164806838150,0,0,0,12748387
164806838150,0,0,0,12749070
164806838150,0,0,0,12747193
164806845023,0,0,0,12745316
164806845023,0,0,0,12745486
164806845023,0,0,0,12747875
164806845023,0,0,0,12748046
164806845023,0,0,0,12747705
164806852167,0,0,0,12746851
164806852167,0,0,0,12747875
164806852167,0,0,0,12744804
164806852167,0,0,0,12748387
164806852167,0,0,0,12746169
164806859978,0,0,0,12741732
164806859978,0,0,0,12747705
164806859978,0,0,0,12741561
164806859978,0,0,0,12745316
164806859978,0,0,0,12752313
164806866513,0,0,0,12743950
164806866513,0,0,0,12743609
164806866513,0,0,0,12747022
164806866513,0,0,0,12749923
164806866513,0,0,0,12744292
164806873730,0,0,0,12740196
164806873730,0,0,0,12746681
164806873730,0,0,0,12749923
164806873730,0,0,0,12747022
164806873730,0,0,0,12740537
164806880834,0,0,0,12754873
164806880834,0,0,0,12746169
164806880834,0,0,0,12748046
164806880834,0,0,0,12750265
164806880834,0,0,0,12743268
164806888123,0,0,0,12745998
164806888123,0,0,0,12744462
164806888123,0,0,0,12745828
164806888123,0,0,0,12746169
164806888123,0,0,0,12748729
164806895584,0,0,0,12741390
164806895584,0,0,0,12748387
164806895584,0,0,0,12743268
164806895584,0,0,0,12742585
164806895584,0,0,0,12740708
164806902071,0,0,0,12747705
164806902071,0,0,0,12743268
164806902071,0,0,0,12754019
164806902071,0,0,0,12751801
164806902071,0,0,0,12746851
164806909388,0,0,0,12737465
164806909388,0,0,0,12754702
164806909388,0,0,0,12745486
164806909388,0,0,0,12744974
164806909388,0,0,0,12752483
164806916666,0,0,0,12744462
164806916666,0,0,0,12746851
164806916666,0,0,0,12740537
164806916666,0,0,0,12752825
164806916666,0,0,0,12748899
164806923711,0,0,0,12751118
164806923711,0,0,0,12744121
164806923711,0,0,0,12742756
164806923711,0,0,0,12747534
164806923711,0,0,0,12747875
164806931222,0,0,0,12744633
164806931222,0,0,0,12742756
164806931222,0,0,0,12745828
164806931222,0,0,0,12752142
164806931222,0,0,0,12750947
164806937788,0,0,0,12750777
164806937788,0,0,0,12748046
164806937788,0,0,0,12748899
164806937788,0,0,0,12747022
164806937788,0,0,0,12748899
164806944934,0,0,0,12748046
164806944934,0,0,0,12745998
164806944934,0,0,0,12746510
164806944934,0,0,0,12743609
164806944934,0,0,0,12750777
164806952658,0,0,0,12744121
164806952658,0,0,0,12743609
164806952658,0,0,0,12746851
164806952658,0,0,0,12741902
164806952658,0,0,0,12754702
164806959258,0,0,0,12745316
164806959258,0,0,0,12750947
164806959258,0,0,0,12744121
164806959258,0,0,0,12744974
164806959258,0,0,0,12749241
164806967331,0,0,0,12752654
164806967331,0,0,0,12745486
164806967331,0,0,0,12752825
164806967331,0,0,0,12750606
164806967331,0,0,0,12747534
164806974261,0,0,0,12746339
164806974261,0,0,0,12745657
164806974261,0,0,0,12748558
164806974261,0,0,0,12748899
164806974261,0,0,0,12748046
164806982373,0,0,0,12743950
164806982373,0,0,0,12754873
164806982373,0,0,0,12754190
164806982373,0,0,0,12750947
164806982373,0,0,0,12750094
164806988187,0,0,0,12745316
164806988187,0,0,0,12744121
164806988187,0,0,0,12750265
164806988187,0,0,0,12750265
164806988187,0,0,0,12742585
164806995610,0,0,0,12748558
164806995610,0,0,0,12748387
164806995610,0,0,0,12747705
164806995610,0,0,0,12735588
164806995610,0,0,0,12745657
164807002801,0,0,0,12744974
164807002801,0,0,0,12749923
164807002801,0,0,0,12751459
164807002801,0,0,0,12751801
164807002801,0,0,0,12743950
164807009607,0,0,0,12744292
164807009607,0,0,0,12747022
164807009607,0,0,0,12748558
164807009607,0,0,0,12741902
164807009607,0,0,0,12746510
164807017785,0,0,0,12745316
164807017785,0,0,0,12754531
164807017785,0,0,0,12749753
164807017785,0,0,0,12746681
164807017785,0,0,0,12744462
164807024483,0,0,0,12743097
164807024483,0,0,0,12746169
164807024483,0,0,0,12747022
164807024483,0,0,0,12748046
164807024483,0,0,0,12746510
164807031074,0,0,0,12750947
164807031074,0,0,0,12749582
164807031074,0,0,0,12752654
164807031074,0,0,0,12748046
164807031074,0,0,0,12755897
164807039206,0,0,0,12744633
164807039206,0,0,0,12751630
164807039206,0,0,0,12749582
164807039206,0,0,0,12751118
164807039206,0,0,0,12750777
164807045388,0,0,0,12745828
164807045388,0,0,0,12750777
164807045388,0,0,0,12752313
164807045388,0,0,0,12745828
164807045388,0,0,0,12738830
164807052717,0,0,0,12746169
164807052717,0,0,0,12751459
164807052717,0,0,0,12746681
164807052717,0,0,0,12741049
164807052717,0,0,0,12750947
164807060191,0,0,0,12746510
164807060191,0,0,0,12752825
164807060191,0,0,0,12745316
164807060191,0,0,0,12748387
164807060191,0,0,0,12749241
164807067174,0,0,0,12746339
164807067174,0,0,0,12749753
164807067174,0,0,0,12752825
164807067174,0,0,0,12750435
164807067174,0,0,0,12751118
164807073905,0,0,0,12753166
164807073905,0,0,0,12749241
164807073905,0,0,0,12752142
164807073905,0,0,0,12743609
164807073905,0,0,0,12754019
164807081551,0,0,0,12752142
164807081551,0,0,0,12747534
164807081551,0,0,0,12749411
164807081551,0,0,0,12745316
164807081551,0,0,0,12753337
164807088187,0,0,0,12749753
164807088187,0,0,0,12744633
164807088187,0,0,0,12748729
164807088187,0,0,0,12747875
164807088187,0,0,0,12739172
164807095865,0,0,0,12745657
164807095865,0,0,0,12740537
164807095865,0,0,0,12747193
164807095865,0,0,0,12752654
164807095865,0,0,0,12749411
164807102736,0,0,0,12749411
164807102736,0,0,0,12745828
164807102736,0,0,0,12751801
164807102736,0,0,0,12749582
164807102736,0,0,0,12752995
164807110173,0,0,0,12747534
164807110173,0,0,0,12754702
164807110173,0,0,0,12750265
164807110173,0,0,0,12750606
164807110173,0,0,0,12745145
164807117062,0,0,0,12745998
164807117062,0,0,0,12749070
164807117062,0,0,0,12747193
164807117062,0,0,0,12748387
164807117062,0,0,0,12749411
164807124280,0,0,0,12751630
164807124280,0,0,0,12752995
164807124280,0,0,0,12750777
164807124280,0,0,0,12749241
164807124280,0,0,0,12745145
164807131574,0,0,0,12741902
164807131574,0,0,0,12743097
164807131574,0,0,0,12750777
164807131574,0,0,0,12749411
164807131574,0,0,0,12744292
164807138329,0,0,0,12747534
164807138329,0,0,0,12751289
164807138329,0,0,0,12740366
164807138329,0,0,0,12752142
164807138329,0,0,0,12746339
164807145433,0,0,0,12746510
164807145433,0,0,0,12750606
164807145433,0,0,0,12744121
164807145433,0,0,0,12751971
164807145433,0,0,0,12749753
164807152787,0,0,0,12743438
164807152787,0,0,0,12757774
164807152787,0,0,0,12752483
164807152787,0,0,0,12744633
164807152787,0,0,0,12745316
164807159764,0,0,0,12760675
164807159764,0,0,0,12755726
164807159764,0,0,0,12751971
164807159764,0,0,0,12755897
164807159764,0,0,0,12744121
164807166884,0,0,0,12750265
164807166884,0,0,0,12753507
164807166884,0,0,0,12749241
164807166884,0,0,0,12744633
164807166884,0,0,0,12751459
164807175276,0,0,0,12750265
164807175276,0,0,0,12749411
164807175276,0,0,0,12743097
164807175276,0,0,0,12752654
164807175276,0,0,0,12743780
164807181842,0,0,0,12753849
164807181842,0,0,0,12747875
164807181842,0,0,0,12749070
164807181842,0,0,0,12750947
164807181842,0,0,0,12745145
164807188644,0,0,0,12752313
164807188644,0,0,0,12747534
164807188644,0,0,0,12748729
164807188644,0,0,0,12744804
164807188644,0,0,0,12750435
164807196112,0,0,0,12747022
164807196112,0,0,0,12744974
164807196112,0,0,0,12746851
164807196112,0,0,0,12741902
164807196112,0,0,0,12753849
164807203418,0,0,0,12750606
164807203418,0,0,0,12749582
164807203418,0,0,0,12750606
164807203418,0,0,0,12747193
164807203418,0,0,0,12741561
164807210073,0,0,0,12755555
164807210073,0,0,0,12750094
164807210073,0,0,0,12751118
164807210073,0,0,0,12748558
164807210073,0,0,0,12749582
164807217599,0,0,0,12752142
164807217599,0,0,0,12742756
164807217599,0,0,0,12743438
164807217599,0,0,0,12742756
164807217599,0,0,0,12738489
164807224468,0,0,0,12743609
164807224468,0,0,0,12752825
164807224468,0,0,0,12746851
164807224468,0,0,0,12749411
164807224468,0,0,0,12746339
164807231429,0,0,0,12742414
164807231429,0,0,0,12742244
164807231429,0,0,0,12756238
164807231429,0,0,0,12745828
164807231429,0,0,0,12751118
164807239073,0,0,0,12745998
164807239073,0,0,0,12745657
164807239073,0,0,0,12748899
164807239073,0,0,0,12748046
164807239073,0,0,0,12752313
164807245640,0,0,0,12753678
164807245640,0,0,0,12748899
164807245640,0,0,0,12752654
164807245640,0,0,0,12744804
164807245640,0,0,0,12752483
164807253322,0,0,0,12747534
164807253322,0,0,0,12745657
164807253322,0,0,0,12753849
164807253322,0,0,0,12746510
164807253322,0,0,0,12743950
164807260242,0,0,0,12745145
164807260242,0,0,0,12746510
164807260242,0,0,0,12746851
164807260242,0,0,0,12749241
164807260242,0,0,0,12752654
164807267391,0,0,0,12753337
164807267391,0,0,0,12751118
164807267391,0,0,0,12742585
164807267391,0,0,0,12748729
164807267391,0,0,0,12749753
164807274614,0,0,0,12753337
164807274614,0,0,0,12748558
164807274614,0,0,0,12745828
164807274614,0,0,0,12747193
164807274614,0,0,0,12751118
164807282047,0,0,0,12751289
164807282047,0,0,0,12746510
164807282047,0,0,0,12756067
164807282047,0,0,0,12743609
164807282047,0,0,0,12751118
164807288588,0,0,0,12749241
164807288588,0,0,0,12745486
164807288588,0,0,0,12756067
164807288588,0,0,0,12753507
164807288588,0,0,0,12747875
164807295944,0,0,0,12750777
164807295944,0,0,0,12746851
164807295944,0,0,0,12748899
164807295944,0,0,0,12755726
164807295944,0,0,0,12749923
164807303544,0,0,0,12757091
164807303544,0,0,0,12751801
164807303544,0,0,0,12749411
164807303544,0,0,0,12746851
164807303544,0,0,0,12749241
164807310155,0,0,0,12744462
164807310155,0,0,0,12752825
164807310155,0,0,0,12748046
164807310155,0,0,0,12752142
164807310155,0,0,0,12746681
164807317480,0,0,0,12745316
164807317480,0,0,0,12747875
164807317480,0,0,0,12744804
164807317480,0,0,0,12746681
164807317480,0,0,0,12752654
164807324875,0,0,0,12744633
164807324875,0,0,0,12754190
164807324875,0,0,0,12745145
164807324875,0,0,0,12744121
164807324875,0,0,0,12749241
164807332108,0,0,0,12747534
164807332108,0,0,0,12746169
164807332108,0,0,0,12742244
164807332108,0,0,0,12745998
164807332108,0,0,0,12748558
164807338810,0,0,0,12751289
164807338810,0,0,0,12748387
164807338810,0,0,0,12750435
164807338810,0,0,0,12757603
164807338810,0,0,0,12744292
164807347488,0,0,0,12751289
164807347488,0,0,0,12747193
164807347488,0,0,0,12744633
164807347488,0,0,0,12746851
164807347488,0,0,0,12748558
164807353440,0,0,0,12750265
164807353440,0,0,0,12749070
164807353440,0,0,0,12742585
164807353440,0,0,0,12753166
164807353440,0,0,0,12746851
164807360289,0,0,0,12752825
164807360289,0,0,0,12748558
164807360289,0,0,0,12748558
164807360289,0,0,0,12751289
164807360289,0,0,0,12747193
164807368242,0,0,0,12752142
164807368242,0,0,0,12745486
164807368242,0,0,0,12744462
164807368242,0,0,0,12747193
164807368242,0,0,0,12750606
164807374684,0,0,0,12753849
164807374684,0,0,0,12746169
164807374684,0,0,0,12741049
164807374684,0,0,0,12748899
164807374684,0,0,0,12752483
164807381796,0,0,0,12747022
164807381796,0,0,0,12745316
164807381796,0,0,0,12749923
164807381796,0,0,0,12746169
164807381796,0,0,0,12748558
164807389690,0,0,0,12745828
164807389690,0,0,0,12754190
164807389690,0,0,0,12747875
164807389690,0,0,0,12748558
164807389690,0,0,0,12750435
164807395875,0,0,0,12751801
164807395875,0,0,0,12750606
164807395875,0,0,0,12755726
164807395875,0,0,0,12749241
164807395875,0,0,0,12745657
164807403358,0,0,0,12752483
164807403358,0,0,0,12745998
164807403358,0,0,0,12746681
164807403358,0,0,0,12750094
164807403358,0,0,0,12747705
164807410366,0,0,0,12746681
164807410366,0,0,0,12745145
164807410366,0,0,0,12758115
164807410366,0,0,0,12748729
164807410366,0,0,0,12749923
164807417504,0,0,0,12749411
164807417504,0,0,0,12746510
164807417504,0,0,0,12753337
164807417504,0,0,0,12750777
164807417504,0,0,0,12748217
164807424736,0,0,0,12746510
164807424736,0,0,0,12747193
164807424736,0,0,0,12749241
164807424736,0,0,0,12749923
164807424736,0,0,0,12740708
164807432279,0,0,0,12755043
164807432279,0,0,0,12747534
164807432279,0,0,0,12748899
164807432279,0,0,0,12747875
164807432279,0,0,0,12749241
164807438930,0,0,0,12746851
164807438930,0,0,0,12750094
164807438930,0,0,0,12756579
164807438930,0,0,0,12751289
164807438930,0,0,0,12748558
164807446005,0,0,0,12738489
164807446005,0,0,0,12751118
164807446005,0,0,0,12749923
164807446005,0,0,0,12745316
164807446005,0,0,0,12748046
164807453599,0,0,0,12752654
164807453599,0,0,0,12749753
164807453599,0,0,0,12752654
164807453599,0,0,0,12749070
164807453599,0,0,0,12749070
164807460316,0,0,0,12749411
164807460316,0,0,0,12748899
164807460316,0,0,0,12747534
164807460316,0,0,0,12754019
164807460316,0,0,0,12757603
164807467542,0,0,0,12748387
164807467542,0,0,0,12749582
164807467542,0,0,0,12750094
164807467542,0,0,0,12753678
164807467542,0,0,0,12752483
164807475221,0,0,0,12738660
164807475221,0,0,0,12750265
164807475221,0,0,0,12745486
164807475221,0,0,0,12739172
164807475221,0,0,0,12755726
164807483084,0,0,0,12745828
164807483084,0,0,0,12750094
164807483084,0,0,0,12746510
164807483084,0,0,0,12753849
164807483084,0,0,0,12750265
164807489026,0,0,0,12746339
164807489026,0,0,0,12744292
164807489026,0,0,0,12747875
164807489026,0,0,0,12745657
164807489026,0,0,0,12746510
164807496611,0,0,0,12752313
164807496611,0,0,0,12748729
164807496611,0,0,0,12754873
164807496611,0,0,0,12745486
164807496611,0,0,0,12750777
164807504363,0,0,0,12749070
164807504363,0,0,0,12750094
164807504363,0,0,0,12754361
164807504363,0,0,0,12745145
164807504363,0,0,0,12751971
164807510700,0,0,0,12750777
164807510700,0,0,0,12751459
164807510700,0,0,0,12745316
164807510700,0,0,0,12750435
164807510700,0,0,0,12748558
164807517683,0,0,0,12751459
164807517683,0,0,0,12746851
164807517683,0,0,0,12745828
164807517683,0,0,0,12750094
164807517683,0,0,0,12745998
164807525278,0,0,0,12743780
164807525278,0,0,0,12749582
164807525278,0,0,0,12751459
164807525278,0,0,0,12746169
164807525278,0,0,0,12750777
164807534677,0,0,0,12748558
164807534677,0,0,0,12758969
164807534677,0,0,0,12749241
164807534677,0,0,0,12751971
164807534677,0,0,0,12754702
164807539375,0,0,0,12754873
164807539375,0,0,0,12747022
164807539375,0,0,0,12754019
164807539375,0,0,0,12743609
164807539375,0,0,0,12746339
164807546408,0,0,0,12750435
164807546408,0,0,0,12752483
164807546408,0,0,0,12753166
164807546408,0,0,0,12744121
164807546408,0,0,0,12756409
164807554127,0,0,0,12752313
164807554127,0,0,0,12752483
164807554127,0,0,0,12754019
164807554127,0,0,0,12754702
164807554127,0,0,0,12754702
164807560673,0,0,0,12752995
164807560673,0,0,0,12749582
164807560673,0,0,0,12749411
164807560673,0,0,0,12749923
164807560673,0,0,0,12754190
164807568190,0,0,0,12746851
164807568190,0,0,0,12752483
164807568190,0,0,0,12750435
164807568190,0,0,0,12745316
164807568190,0,0,0,12742756
164807575014,0,0,0,12747193
164807575014,0,0,0,12746169
164807575014,0,0,0,12751801
164807575014,0,0,0,12748046
164807575014,0,0,0,12747875
164807581927,0,0,0,12750947
164807581927,0,0,0,12757262
164807581927,0,0,0,12748729
164807581927,0,0,0,12753678
164807581927,0,0,0,12750265
164807589162,0,0,0,12750094
164807589162,0,0,0,12748046
164807589162,0,0,0,12748729
164807589162,0,0,0,12752995
164807589162,0,0,0,12746510
164807596994,0,0,0,12756750
164807596994,0,0,0,12750606
164807596994,0,0,0,12749582
164807596994,0,0,0,12745657
164807596994,0,0,0,12751801
